eeg 630.02746582 695.826660156 776.430725098 1682.81494141
eeg 630.02746582 590.547912598 460.594482422 1472.25744629
eeg 840.584960938 590.547912598 460.594482422 630.02746582
eeg 840.584960938 801.105407715 671.151977539 630.02746582
eeg 630.02746582 906.384155273 986.988220215 1682.81494141
eeg 840.584960938 379.990447998 355.315765381 1261.69995117
eeg 1051.14245605 590.547912598 565.87322998 840.584960938
eeg 840.584960938 695.826660156 671.151977539 1472.25744629
eeg 840.584960938 590.547912598 460.594482422 1472.25744629
eeg 1051.14245605 590.547912598 460.594482422 1472.25744629
eeg 1051.14245605 485.269195557 355.315765381 840.584960938
eeg 840.584960938 801.105407715 776.430725098 1261.69995117
eeg 840.584960938 590.547912598 565.87322998 1261.69995117
eeg 840.584960938 590.547912598 565.87322998 840.584960938
eeg 630.02746582 801.105407715 881.709472656 1261.69995117
eeg 840.584960938 590.547912598 565.87322998 1051.14245605
eeg 518.168823242 848.809875488 878.419494629 1241.96020508
eeg 834.005004883 532.973632812 562.583251953 1031.40270996
eeg 781.365661621 638.252380371 667.861999512 926.123962402
eeg 728.726318359 743.53112793 878.419494629 1136.68139648
eeg 728.726318359 532.973632812 773.14074707 1031.40270996
a nan nan nan nan
b nan nan nan nan
d nan nan nan nan
g nan nan nan nan
t nan nan nan nan
h 4.0 4.0 4.0 4.0
c 0.0
Aa 0.0 0.0 0.0 0.0
Ab 0.0 0.0 0.0 0.0
Ad 0.0 0.0 0.0 0.0
Ag 0.0 0.0 0.0 0.0
At 0.0 0.0 0.0 0.0
as 0.0 0.0 0.0 0.0
bs 0.0 0.0 0.0 0.0
ds 0.0 0.0 0.0 0.0
gs 0.0 0.0 0.0 0.0
ts 0.0 0.0 0.0 0.0
eeg 781.365661621 638.252380371 878.419494629 1031.40270996
eeg 781.365661621 638.252380371 773.14074707 1136.68139648
eeg 623.447570801 638.252380371 773.14074707 1136.68139648
eeg 623.447570801 743.53112793 878.419494629 1136.68139648
eeg 834.005004883 427.694885254 562.583251953 715.566467285
eeg 834.005004883 848.809875488 983.698242188 926.123962402
eeg 676.086914062 638.252380371 773.14074707 1031.40270996
eeg 834.005004883 638.252380371 667.861999512 926.123962402
eeg 676.086914062 638.252380371 667.861999512 926.123962402
eeg 728.726318359 638.252380371 667.861999512 926.123962402
eeg 886.64440918 638.252380371 667.861999512 715.566467285
eeg 781.365661621 848.809875488 983.698242188 820.845214844
eeg 728.726318359 638.252380371 667.861999512 1084.04199219
eeg 676.086914062 638.252380371 773.14074707 1031.40270996
eeg 728.726318359 638.252380371 773.14074707 1084.04199219
eeg 781.365661621 532.973632812 667.861999512 768.205810547
eeg 781.365661621 848.809875488 983.698242188 820.845214844
eeg 728.726318359 532.973632812 773.14074707 820.845214844
eeg 781.365661621 638.252380371 878.419494629 820.845214844
eeg 623.447570801 638.252380371 878.419494629 1031.40270996
eeg 676.086914062 532.973632812 667.861999512 820.845214844
eeg 728.726318359 638.252380371 773.14074707 820.845214844
a nan nan nan nan
b nan nan nan nan
d nan nan nan nan
g nan nan nan nan
t nan nan nan nan
h 4.0 4.0 4.0 4.0
c 0.0
Aa 0.0 0.0 0.0 0.0
Ab 0.0 0.0 0.0 0.0
Ad 0.0 0.0 0.0 0.0
Ag 0.0 0.0 0.0 0.0
At 0.0 0.0 0.0 0.0
as 0.0 0.0 0.0 0.0
bs 0.0 0.0 0.0 0.0
ds 0.0 0.0 0.0 0.0
gs 0.0 0.0 0.0 0.0
ts 0.0 0.0 0.0 0.0
eeg 728.726318359 638.252380371 773.14074707 820.845214844
eeg 728.726318359 638.252380371 773.14074707 978.763305664
eeg 728.726318359 638.252380371 773.14074707 926.123962402
eeg 781.365661621 638.252380371 773.14074707 873.484558105
eeg 886.64440918 532.973632812 562.583251953 768.205810547
eeg 886.64440918 848.809875488 878.419494629 820.845214844
eeg 834.005004883 532.973632812 878.419494629 820.845214844
eeg 834.005004883 532.973632812 773.14074707 820.845214844
eeg 834.005004883 532.973632812 773.14074707 715.566467285
eeg 781.365661621 532.973632812 773.14074707 715.566467285
eeg 886.64440918 532.973632812 773.14074707 715.566467285
eeg 834.005004883 638.252380371 878.419494629 820.845214844
eeg 834.005004883 532.973632812 667.861999512 926.123962402
eeg 991.923156738 427.694885254 562.583251953 610.287719727
eeg 834.005004883 743.53112793 983.698242188 715.566467285
eeg 939.283752441 322.416137695 457.304534912 610.287719727
eeg 939.283752441 743.53112793 878.419494629 610.287719727
eeg 728.726318359 638.252380371 773.14074707 926.123962402
eeg 834.005004883 532.973632812 562.583251953 820.845214844
eeg 728.726318359 848.809875488 983.698242188 1031.40270996
eeg 781.365661621 532.973632812 667.861999512 820.845214844
eeg 834.005004883 638.252380371 667.861999512 820.845214844
a nan nan nan nan
b nan nan nan nan
d nan nan nan nan
g nan nan nan nan
t nan nan nan nan
h 4.0 4.0 4.0 4.0
c 0.0
Aa 0.0 0.0 0.0 0.0
Ab 0.0 0.0 0.0 0.0
Ad 0.0 0.0 0.0 0.0
Ag 0.0 0.0 0.0 0.0
At 0.0 0.0 0.0 0.0
as 0.0 0.0 0.0 0.0
bs 0.0 0.0 0.0 0.0
ds 0.0 0.0 0.0 0.0
gs 0.0 0.0 0.0 0.0
ts 0.0 0.0 0.0 0.0
eeg 939.283752441 690.891723633 615.22265625 768.205810547
eeg 834.005004883 690.891723633 615.22265625 768.205810547
eeg 781.365661621 848.809875488 825.780151367 1084.04199219
eeg 834.005004883 690.891723633 773.14074707 926.123962402
eeg 886.64440918 638.252380371 615.22265625 820.845214844
eeg 939.283752441 796.170471191 773.14074707 873.484558105
eeg 834.005004883 743.53112793 720.501403809 926.123962402
eeg 834.005004883 796.170471191 773.14074707 926.123962402
eeg 623.447570801 796.170471191 878.419494629 1189.32080078
eeg 834.005004883 427.694885254 352.025787354 820.845214844
eeg 886.64440918 743.53112793 667.861999512 715.566467285
eeg 886.64440918 743.53112793 720.501403809 768.205810547
eeg 834.005004883 743.53112793 773.14074707 715.566467285
eeg 676.086914062 743.53112793 825.780151367 1084.04199219
eeg 781.365661621 585.612976074 615.22265625 1136.68139648
eeg 886.64440918 585.612976074 509.943908691 715.566467285
eeg 912.964111328 796.170471191 825.780151367 820.845214844
eeg 649.767211914 796.170471191 931.058898926 1031.40270996
eeg 728.726318359 690.891723633 825.780151367 926.123962402
eeg 755.045959473 690.891723633 825.780151367 820.845214844
eeg 755.045959473 690.891723633 825.780151367 820.845214844
eeg 755.045959473 690.891723633 825.780151367 820.845214844
a nan nan nan nan
b nan nan nan nan
d nan nan nan nan
g nan nan nan nan
t nan nan nan nan
h 4.0 4.0 4.0 4.0
c 0.0
Aa 0.0 0.0 0.0 0.0
Ab 0.0 0.0 0.0 0.0
Ad 0.0 0.0 0.0 0.0
Ag 0.0 0.0 0.0 0.0
At 0.0 0.0 0.0 0.0
as 0.0 0.0 0.0 0.0
bs 0.0 0.0 0.0 0.0
ds 0.0 0.0 0.0 0.0
gs 0.0 0.0 0.0 0.0
ts 0.0 0.0 0.0 0.0
eeg 728.726318359 796.170471191 931.058898926 1031.40270996
eeg 676.086914062 690.891723633 720.501403809 1136.68139648
eeg 728.726318359 690.891723633 720.501403809 926.123962402
eeg 728.726318359 796.170471191 931.058898926 1031.40270996
eeg 860.324707031 585.612976074 615.22265625 715.566467285
eeg 860.324707031 901.44921875 931.058898926 820.845214844
eeg 834.005004883 585.612976074 615.22265625 715.566467285
eeg 781.365661621 796.170471191 825.780151367 820.845214844
eeg 781.365661621 690.891723633 720.501403809 820.845214844
eeg 807.68536377 690.891723633 720.501403809 820.845214844
eeg 597.127868652 690.891723633 720.501403809 1136.68139648
eeg 807.68536377 269.776763916 299.386413574 820.845214844
eeg 597.127868652 585.612976074 720.501403809 926.123962402
eeg 597.127868652 480.334259033 615.22265625 926.123962402
eeg 702.406616211 480.334259033 615.22265625 820.845214844
eeg 597.127868652 585.612976074 720.501403809 1136.68139648
eeg 807.68536377 375.055511475 404.665161133 926.123962402
eeg 702.406616211 585.612976074 615.22265625 1031.40270996
eeg 702.406616211 585.612976074 615.22265625 1031.40270996
eeg 702.406616211 585.612976074 615.22265625 820.845214844
eeg 702.406616211 690.891723633 825.780151367 926.123962402
eeg 597.127868652 690.891723633 825.780151367 1136.68139648
a nan nan nan nan
b nan nan nan nan
d nan nan nan nan
g nan nan nan nan
t nan nan nan nan
h 4.0 4.0 4.0 4.0
c 0.0
Aa 0.0 0.0 0.0 0.0
Ab 0.0 0.0 0.0 0.0
Ad 0.0 0.0 0.0 0.0
Ag 0.0 0.0 0.0 0.0
At 0.0 0.0 0.0 0.0
as 0.0 0.0 0.0 0.0
bs 0.0 0.0 0.0 0.0
ds 0.0 0.0 0.0 0.0
gs 0.0 0.0 0.0 0.0
ts 0.0 0.0 0.0 0.0
eeg 807.68536377 585.612976074 615.22265625 926.123962402
eeg 702.406616211 690.891723633 615.22265625 926.123962402
eeg 702.406616211 690.891723633 720.501403809 926.123962402
eeg 807.68536377 585.612976074 615.22265625 926.123962402
eeg 860.324707031 690.891723633 615.22265625 820.845214844
eeg 965.60345459 796.170471191 720.501403809 978.763305664
eeg 807.68536377 743.53112793 720.501403809 978.763305664
eeg 860.324707031 743.53112793 720.501403809 926.123962402
eeg 755.045959473 743.53112793 720.501403809 1031.40270996
eeg 912.964111328 690.891723633 720.501403809 820.845214844
eeg 860.324707031 690.891723633 720.501403809 820.845214844
eeg 912.964111328 796.170471191 825.780151367 873.484558105
eeg 755.045959473 690.891723633 720.501403809 1084.04199219
eeg 755.045959473 638.252380371 615.22265625 926.123962402
eeg 755.045959473 848.809875488 931.058898926 1084.04199219
eeg 702.406616211 743.53112793 825.780151367 1031.40270996
eeg 912.964111328 585.612976074 615.22265625 978.763305664
eeg 807.68536377 796.170471191 825.780151367 978.763305664
eeg 807.68536377 690.891723633 720.501403809 978.763305664
eeg 807.68536377 690.891723633 720.501403809 873.484558105
eeg 702.406616211 796.170471191 825.780151367 768.205810547
eeg 491.849121094 585.612976074 509.943908691 873.484558105
a nan nan nan nan
b nan nan nan nan
d nan nan nan nan
g nan nan nan nan
t nan nan nan nan
h 4.0 4.0 4.0 4.0
c 0.0
Aa 0.0 0.0 0.0 0.0
Ab 0.0 0.0 0.0 0.0
Ad 0.0 0.0 0.0 0.0
Ag 0.0 0.0 0.0 0.0
At 0.0 0.0 0.0 0.0
as 0.0 0.0 0.0 0.0
bs 0.0 0.0 0.0 0.0
ds 0.0 0.0 0.0 0.0
gs 0.0 0.0 0.0 0.0
ts 0.0 0.0 0.0 0.0
eeg 702.406616211 532.973632812 404.665161133 768.205810547
eeg 597.127868652 690.891723633 615.22265625 768.205810547
eeg 597.127868652 638.252380371 615.22265625 873.484558105
eeg 702.406616211 585.612976074 615.22265625 662.927062988
eeg 491.849121094 796.170471191 931.058898926 1084.04199219
eeg 702.406616211 480.334259033 615.22265625 978.763305664
eeg 807.68536377 427.694885254 509.943908691 662.927062988
eeg 702.406616211 796.170471191 825.780151367 873.484558105
eeg 702.406616211 743.53112793 825.780151367 873.484558105
eeg 702.406616211 743.53112793 825.780151367 873.484558105
eeg 702.406616211 638.252380371 720.501403809 1084.04199219
eeg 807.68536377 585.612976074 615.22265625 873.484558105
eeg 807.68536377 796.170471191 720.501403809 873.484558105
eeg 702.406616211 796.170471191 825.780151367 978.763305664
eeg 878.419494629 708.98651123 799.460449219 761.625915527
eeg 825.780151367 603.707763672 536.26361084 708.98651123
eeg 825.780151367 708.98651123 588.902954102 761.625915527
eeg 773.14074707 708.98651123 641.542358398 814.265258789
eeg 773.14074707 708.98651123 641.542358398 761.625915527
eeg 720.501403809 708.98651123 694.18170166 972.183410645
eeg 878.419494629 498.429046631 378.345489502 708.98651123
eeg 878.419494629 708.98651123 694.18170166 761.625915527
a nan nan nan nan
b nan nan nan nan
d nan nan nan nan
g nan nan nan nan
t nan nan nan nan
h 4.0 4.0 4.0 4.0
c 0.0
Aa 0.0 0.0 0.0 0.0
Ab 0.0 0.0 0.0 0.0
Ad 0.0 0.0 0.0 0.0
Ag 0.0 0.0 0.0 0.0
At 0.0 0.0 0.0 0.0
as 0.0 0.0 0.0 0.0
bs 0.0 0.0 0.0 0.0
ds 0.0 0.0 0.0 0.0
gs 0.0 0.0 0.0 0.0
ts 0.0 0.0 0.0 0.0
eeg 931.058898926 603.707763672 536.26361084 761.625915527
eeg 931.058898926 603.707763672 483.624206543 708.98651123
eeg 878.419494629 708.98651123 641.542358398 814.265258789
eeg 931.058898926 603.707763672 483.624206543 551.06842041
eeg 878.419494629 814.265258789 852.09979248 814.265258789
eeg 931.058898926 603.707763672 641.542358398 814.265258789
eeg 773.14074707 603.707763672 641.542358398 972.183410645
eeg 773.14074707 603.707763672 641.542358398 972.183410645
eeg 825.780151367 603.707763672 588.902954102 656.347167969
eeg 773.14074707 761.625915527 904.739196777 708.98651123
eeg 615.22265625 656.347167969 799.460449219 972.183410645
eeg 825.780151367 551.06842041 694.18170166 761.625915527
eeg 720.501403809 656.347167969 799.460449219 761.625915527
eeg 667.861999512 708.98651123 799.460449219 761.625915527
eeg 825.780151367 656.347167969 799.460449219 656.347167969
eeg 720.501403809 761.625915527 904.739196777 972.183410645
eeg 825.780151367 551.06842041 694.18170166 919.544006348
eeg 773.14074707 656.347167969 694.18170166 919.544006348
eeg 773.14074707 708.98651123 799.460449219 1024.82275391
eeg 773.14074707 603.707763672 694.18170166 866.904663086
eeg 825.780151367 656.347167969 694.18170166 866.904663086
eeg 773.14074707 656.347167969 694.18170166 814.265258789
a nan nan nan nan
b nan nan nan nan
d nan nan nan nan
g nan nan nan nan
t nan nan nan nan
h 4.0 4.0 4.0 4.0
c 0.0
Aa 0.0 0.0 0.0 0.0
Ab 0.0 0.0 0.0 0.0
Ad 0.0 0.0 0.0 0.0
Ag 0.0 0.0 0.0 0.0
At 0.0 0.0 0.0 0.0
as 0.0 0.0 0.0 0.0
bs 0.0 0.0 0.0 0.0
ds 0.0 0.0 0.0 0.0
gs 0.0 0.0 0.0 0.0
ts 0.0 0.0 0.0 0.0
eeg 878.419494629 708.98651123 694.18170166 814.265258789
eeg 825.780151367 656.347167969 694.18170166 761.625915527
eeg 667.861999512 866.904663086 904.739196777 919.544006348
eeg 825.780151367 603.707763672 694.18170166 1024.82275391
eeg 878.419494629 603.707763672 694.18170166 814.265258789
eeg 931.058898926 814.265258789 904.739196777 1024.82275391
eeg 878.419494629 708.98651123 904.739196777 1024.82275391
eeg 878.419494629 761.625915527 904.739196777 919.544006348
eeg 773.14074707 761.625915527 904.739196777 1235.38024902
eeg 983.698242188 603.707763672 694.18170166 919.544006348
eeg 773.14074707 814.265258789 904.739196777 1130.10144043
eeg 931.058898926 603.707763672 694.18170166 1024.82275391
eeg 878.419494629 603.707763672 694.18170166 814.265258789
eeg 773.14074707 814.265258789 904.739196777 919.544006348
eeg 878.419494629 603.707763672 694.18170166 919.544006348
eeg 878.419494629 656.347167969 694.18170166 919.544006348
eeg 878.419494629 761.625915527 799.460449219 1024.82275391
eeg 720.501403809 761.625915527 799.460449219 1024.82275391
eeg 773.14074707 708.98651123 694.18170166 919.544006348
eeg 825.780151367 814.265258789 694.18170166 814.265258789
eeg 878.419494629 814.265258789 694.18170166 814.265258789
eeg 983.698242188 603.707763672 378.345489502 603.707763672
a nan nan nan nan
b nan nan nan nan
d nan nan nan nan
g nan nan nan nan
t nan nan nan nan
h 4.0 4.0 4.0 4.0
c 0.0
Aa 0.0 0.0 0.0 0.0
Ab 0.0 0.0 0.0 0.0
Ad 0.0 0.0 0.0 0.0
Ag 0.0 0.0 0.0 0.0
At 0.0 0.0 0.0 0.0
as 0.0 0.0 0.0 0.0
bs 0.0 0.0 0.0 0.0
ds 0.0 0.0 0.0 0.0
gs 0.0 0.0 0.0 0.0
ts 0.0 0.0 0.0 0.0
eeg 825.780151367 1024.82275391 904.739196777 919.544006348
eeg 667.861999512 814.265258789 799.460449219 1024.82275391
eeg 720.501403809 708.98651123 588.902954102 919.544006348
eeg 720.501403809 919.544006348 799.460449219 919.544006348
eeg 825.780151367 708.98651123 694.18170166 814.265258789
eeg 825.780151367 708.98651123 694.18170166 919.544006348
eeg 773.14074707 708.98651123 799.460449219 1024.82275391
eeg 773.14074707 708.98651123 799.460449219 1024.82275391
eeg 825.780151367 603.707763672 588.902954102 603.707763672
eeg 878.419494629 814.265258789 799.460449219 708.98651123
eeg 720.501403809 708.98651123 799.460449219 919.544006348
eeg 825.780151367 603.707763672 588.902954102 814.265258789
eeg 825.780151367 708.98651123 694.18170166 708.98651123
eeg 720.501403809 761.625915527 904.739196777 814.265258789
eeg 667.861999512 708.98651123 904.739196777 1024.82275391
eeg 773.14074707 603.707763672 904.739196777 814.265258789
eeg 615.22265625 761.625915527 1115.29663086 919.544006348
eeg 615.22265625 656.347167969 1010.01794434 919.544006348
eeg 615.22265625 761.625915527 1115.29663086 814.265258789
eeg 457.304534912 814.265258789 1220.57543945 1235.38024902
eeg 720.501403809 498.429046631 799.460449219 919.544006348
eeg 720.501403809 603.707763672 799.460449219 814.265258789
a nan nan nan nan
b nan nan nan nan
d nan nan nan nan
g nan nan nan nan
t nan nan nan nan
h 4.0 4.0 4.0 4.0
c 0.0
Aa 0.0 0.0 0.0 0.0
Ab 0.0 0.0 0.0 0.0
Ad 0.0 0.0 0.0 0.0
Ag 0.0 0.0 0.0 0.0
At 0.0 0.0 0.0 0.0
as 0.0 0.0 0.0 0.0
bs 0.0 0.0 0.0 0.0
ds 0.0 0.0 0.0 0.0
gs 0.0 0.0 0.0 0.0
ts 0.0 0.0 0.0 0.0
eeg 720.501403809 708.98651123 904.739196777 919.544006348
eeg 720.501403809 708.98651123 904.739196777 919.544006348
eeg 667.861999512 708.98651123 904.739196777 919.544006348
eeg 562.583251953 708.98651123 904.739196777 1130.10144043
eeg 825.780151367 498.429046631 694.18170166 814.265258789
eeg 720.501403809 761.625915527 904.739196777 919.544006348
eeg 615.22265625 761.625915527 904.739196777 1024.82275391
eeg 667.861999512 656.347167969 694.18170166 1024.82275391
eeg 773.14074707 445.789672852 588.902954102 814.265258789
eeg 825.780151367 656.347167969 799.460449219 814.265258789
eeg 773.14074707 551.06842041 694.18170166 814.265258789
eeg 773.14074707 761.625915527 904.739196777 814.265258789
eeg 562.583251953 551.06842041 694.18170166 1130.10144043
eeg 720.501403809 551.06842041 588.902954102 708.98651123
eeg 562.583251953 866.904663086 1010.01794434 1130.10144043
eeg 773.14074707 445.789672852 588.902954102 1024.82275391
eeg 720.501403809 656.347167969 799.460449219 1130.10144043
eeg 720.501403809 551.06842041 694.18170166 1024.82275391
eeg 720.501403809 656.347167969 799.460449219 919.544006348
eeg 825.780151367 551.06842041 694.18170166 814.265258789
eeg 825.780151367 866.904663086 1010.01794434 919.544006348
eeg 667.861999512 656.347167969 799.460449219 1130.10144043
a nan nan nan nan
b nan nan nan nan
d nan nan nan nan
g nan nan nan nan
t nan nan nan nan
h 4.0 4.0 4.0 4.0
c 0.0
Aa 0.0 0.0 0.0 0.0
Ab 0.0 0.0 0.0 0.0
Ad 0.0 0.0 0.0 0.0
Ag 0.0 0.0 0.0 0.0
At 0.0 0.0 0.0 0.0
as 0.0 0.0 0.0 0.0
bs 0.0 0.0 0.0 0.0
ds 0.0 0.0 0.0 0.0
gs 0.0 0.0 0.0 0.0
ts 0.0 0.0 0.0 0.0
eeg 773.14074707 761.625915527 904.739196777 1130.10144043
eeg 615.22265625 735.306213379 852.09979248 1024.82275391
eeg 773.14074707 603.707763672 667.861999512 814.265258789
eeg 720.501403809 630.02746582 641.542358398 919.544006348
eeg 773.14074707 708.98651123 746.821105957 919.544006348
eeg 720.501403809 708.98651123 773.14074707 1024.82275391
eeg 720.501403809 551.06842041 588.902954102 919.544006348
eeg 720.501403809 682.666870117 667.861999512 919.544006348
eeg 667.861999512 656.347167969 641.542358398 919.544006348
eeg 825.780151367 656.347167969 641.542358398 814.265258789
eeg 667.861999512 656.347167969 667.861999512 814.265258789
eeg 773.14074707 656.347167969 641.542358398 708.98651123
eeg 773.14074707 603.707763672 615.22265625 287.871551514
eeg 773.14074707 866.904663086 931.058898926 708.98651123
eeg 773.14074707 630.02746582 720.501403809 919.544006348
eeg 878.419494629 603.707763672 615.22265625 708.98651123
eeg 667.861999512 761.625915527 773.14074707 708.98651123
eeg 878.419494629 656.347167969 562.583251953 708.98651123
eeg 878.419494629 761.625915527 667.861999512 603.707763672
eeg 773.14074707 866.904663086 878.419494629 919.544006348
eeg 878.419494629 551.06842041 562.583251953 919.544006348
eeg 773.14074707 761.625915527 773.14074707 814.265258789
a nan nan nan nan
b nan nan nan nan
d nan nan nan nan
g nan nan nan nan
t nan nan nan nan
h 4.0 4.0 4.0 4.0
c 0.0
Aa 0.0 0.0 0.0 0.0
Ab 0.0 0.0 0.0 0.0
Ad 0.0 0.0 0.0 0.0
Ag 0.0 0.0 0.0 0.0
At 0.0 0.0 0.0 0.0
as 0.0 0.0 0.0 0.0
bs 0.0 0.0 0.0 0.0
ds 0.0 0.0 0.0 0.0
gs 0.0 0.0 0.0 0.0
ts 0.0 0.0 0.0 0.0
eeg 773.14074707 761.625915527 773.14074707 814.265258789
eeg 667.861999512 761.625915527 773.14074707 1130.10144043
eeg 773.14074707 656.347167969 667.861999512 814.265258789
eeg 667.861999512 761.625915527 773.14074707 919.544006348
eeg 878.419494629 551.06842041 562.583251953 708.98651123
eeg 773.14074707 761.625915527 773.14074707 603.707763672
eeg 667.861999512 761.625915527 878.419494629 919.544006348
eeg 773.14074707 551.06842041 667.861999512 814.265258789
eeg 878.419494629 551.06842041 562.583251953 708.98651123
eeg 878.419494629 761.625915527 773.14074707 814.265258789
eeg 773.14074707 761.625915527 773.14074707 919.544006348
eeg 766.560852051 638.252380371 649.767211914 853.744812012
eeg 819.200195312 638.252380371 649.767211914 801.105407715
eeg 871.839599609 638.252380371 649.767211914 801.105407715
eeg 977.118347168 638.252380371 649.767211914 695.826660156
eeg 871.839599609 848.809875488 860.324707031 906.384155273
eeg 766.560852051 638.252380371 649.767211914 1169.58105469
eeg 766.560852051 638.252380371 649.767211914 906.384155273
eeg 766.560852051 743.53112793 755.045959473 959.02355957
eeg 924.478942871 532.973632812 544.488464355 695.826660156
eeg 924.478942871 848.809875488 860.324707031 853.744812012
eeg 871.839599609 638.252380371 755.045959473 959.02355957
a nan nan nan nan
b nan nan nan nan
d nan nan nan nan
g nan nan nan nan
t nan nan nan nan
h 4.0 4.0 4.0 4.0
c 0.0
Aa 0.0 0.0 0.0 0.0
Ab 0.0 0.0 0.0 0.0
Ad 0.0 0.0 0.0 0.0
Ag 0.0 0.0 0.0 0.0
At 0.0 0.0 0.0 0.0
as 0.0 0.0 0.0 0.0
bs 0.0 0.0 0.0 0.0
ds 0.0 0.0 0.0 0.0
gs 0.0 0.0 0.0 0.0
ts 0.0 0.0 0.0 0.0
eeg 766.560852051 638.252380371 755.045959473 906.384155273
eeg 766.560852051 638.252380371 649.767211914 853.744812012
eeg 819.200195312 743.53112793 755.045959473 801.105407715
eeg 766.560852051 743.53112793 755.045959473 959.02355957
eeg 871.839599609 638.252380371 649.767211914 906.384155273
eeg 819.200195312 743.53112793 755.045959473 801.105407715
eeg 766.560852051 638.252380371 649.767211914 906.384155273
eeg 871.839599609 638.252380371 649.767211914 1011.66290283
eeg 924.478942871 638.252380371 649.767211914 906.384155273
eeg 924.478942871 743.53112793 755.045959473 1011.66290283
eeg 924.478942871 638.252380371 649.767211914 906.384155273
eeg 766.560852051 848.809875488 965.60345459 1011.66290283
eeg 661.282104492 848.809875488 965.60345459 1327.49914551
eeg 819.200195312 638.252380371 544.488464355 906.384155273
eeg 871.839599609 743.53112793 649.767211914 801.105407715
eeg 819.200195312 848.809875488 755.045959473 1011.66290283
eeg 713.921447754 743.53112793 755.045959473 1222.22033691
eeg 713.921447754 743.53112793 755.045959473 1116.94165039
eeg 713.921447754 848.809875488 860.324707031 1116.94165039
eeg 819.200195312 638.252380371 649.767211914 906.384155273
eeg 871.839599609 743.53112793 755.045959473 906.384155273
eeg 713.921447754 638.252380371 649.767211914 906.384155273
a nan nan nan nan
b nan nan nan nan
d nan nan nan nan
g nan nan nan nan
t nan nan nan nan
h 4.0 4.0 4.0 4.0
c 0.0
Aa 0.0 0.0 0.0 0.0
Ab 0.0 0.0 0.0 0.0
Ad 0.0 0.0 0.0 0.0
Ag 0.0 0.0 0.0 0.0
At 0.0 0.0 0.0 0.0
as 0.0 0.0 0.0 0.0
bs 0.0 0.0 0.0 0.0
ds 0.0 0.0 0.0 0.0
gs 0.0 0.0 0.0 0.0
ts 0.0 0.0 0.0 0.0
eeg 713.921447754 638.252380371 649.767211914 906.384155273
eeg 766.560852051 638.252380371 649.767211914 801.105407715
eeg 766.560852051 743.53112793 755.045959473 801.105407715
eeg 819.200195312 638.252380371 649.767211914 801.105407715
eeg 766.560852051 743.53112793 755.045959473 906.384155273
eeg 608.642700195 638.252380371 544.488464355 1116.94165039
eeg 661.282104492 638.252380371 544.488464355 1011.66290283
eeg 661.282104492 638.252380371 544.488464355 1222.22033691
eeg 924.478942871 322.416137695 228.652267456 695.826660156
eeg 871.839599609 743.53112793 755.045959473 801.105407715
eeg 661.282104492 638.252380371 755.045959473 1116.94165039
eeg 713.921447754 638.252380371 649.767211914 1011.66290283
eeg 871.839599609 532.973632812 544.488464355 801.105407715
eeg 871.839599609 638.252380371 649.767211914 801.105407715
eeg 1082.39709473 532.973632812 544.488464355 485.269195557
eeg 819.200195312 954.088623047 1070.88220215 906.384155273
eeg 661.282104492 638.252380371 860.324707031 1116.94165039
eeg 713.921447754 427.694885254 544.488464355 906.384155273
eeg 661.282104492 638.252380371 649.767211914 1011.66290283
eeg 977.118347168 322.416137695 228.652267456 590.547912598
eeg 871.839599609 743.53112793 649.767211914 695.826660156
eeg 819.200195312 532.973632812 439.209747314 801.105407715
a nan nan nan nan
b nan nan nan nan
d nan nan nan nan
g nan nan nan nan
t nan nan nan nan
h 4.0 4.0 4.0 4.0
c 0.0
Aa 0.0 0.0 0.0 0.0
Ab 0.0 0.0 0.0 0.0
Ad 0.0 0.0 0.0 0.0
Ag 0.0 0.0 0.0 0.0
At 0.0 0.0 0.0 0.0
as 0.0 0.0 0.0 0.0
bs 0.0 0.0 0.0 0.0
ds 0.0 0.0 0.0 0.0
gs 0.0 0.0 0.0 0.0
ts 0.0 0.0 0.0 0.0
eeg 766.560852051 638.252380371 544.488464355 801.105407715
eeg 819.200195312 638.252380371 544.488464355 801.105407715
eeg 871.839599609 638.252380371 544.488464355 801.105407715
eeg 713.921447754 743.53112793 755.045959473 1011.66290283
eeg 871.839599609 532.973632812 439.209747314 906.384155273
eeg 871.839599609 743.53112793 649.767211914 801.105407715
eeg 766.560852051 743.53112793 755.045959473 906.384155273
eeg 871.839599609 638.252380371 649.767211914 906.384155273
eeg 924.478942871 638.252380371 649.767211914 801.105407715
eeg 871.839599609 743.53112793 755.045959473 801.105407715
eeg 977.118347168 638.252380371 439.209747314 801.105407715
eeg 766.560852051 848.809875488 649.767211914 906.384155273
eeg 713.921447754 848.809875488 649.767211914 1222.22033691
eeg 871.839599609 638.252380371 439.209747314 1011.66290283
eeg 819.200195312 638.252380371 439.209747314 1011.66290283
eeg 871.839599609 848.809875488 649.767211914 1011.66290283
eeg 766.560852051 638.252380371 439.209747314 1116.94165039
eeg 713.921447754 743.53112793 544.488464355 1011.66290283
eeg 713.921447754 743.53112793 544.488464355 1116.94165039
eeg 924.478942871 427.694885254 228.652267456 801.105407715
eeg 871.839599609 848.809875488 649.767211914 906.384155273
eeg 713.921447754 743.53112793 649.767211914 1222.22033691
a nan nan nan nan
b nan nan nan nan
d nan nan nan nan
g nan nan nan nan
t nan nan nan nan
h 4.0 4.0 4.0 4.0
c 0.0
Aa 0.0 0.0 0.0 0.0
Ab 0.0 0.0 0.0 0.0
Ad 0.0 0.0 0.0 0.0
Ag 0.0 0.0 0.0 0.0
At 0.0 0.0 0.0 0.0
as 0.0 0.0 0.0 0.0
bs 0.0 0.0 0.0 0.0
ds 0.0 0.0 0.0 0.0
gs 0.0 0.0 0.0 0.0
ts 0.0 0.0 0.0 0.0
eeg 819.200195312 638.252380371 544.488464355 1116.94165039
eeg 871.839599609 638.252380371 544.488464355 906.384155273
eeg 924.478942871 848.809875488 860.324707031 906.384155273
eeg 766.560852051 743.53112793 755.045959473 906.384155273
eeg 819.200195312 690.891723633 649.767211914 801.105407715
eeg 766.560852051 743.53112793 755.045959473 801.105407715
eeg 766.560852051 743.53112793 755.045959473 801.105407715
eeg 766.560852051 743.53112793 755.045959473 1011.66290283
eeg 871.839599609 585.612976074 544.488464355 801.105407715
eeg 819.200195312 743.53112793 649.767211914 906.384155273
eeg 819.200195312 585.612976074 544.488464355 906.384155273
eeg 819.200195312 743.53112793 755.045959473 801.105407715
eeg 661.282104492 743.53112793 755.045959473 1116.94165039
eeg 924.478942871 375.055511475 333.930999756 801.105407715
eeg 924.478942871 638.252380371 544.488464355 695.826660156
eeg 871.839599609 690.891723633 649.767211914 906.384155273
eeg 766.560852051 638.252380371 649.767211914 1011.66290283
eeg 766.560852051 638.252380371 649.767211914 906.384155273
eeg 766.560852051 690.891723633 649.767211914 906.384155273
eeg 924.478942871 532.973632812 544.488464355 695.826660156
eeg 871.839599609 848.809875488 965.60345459 801.105407715
eeg 766.560852051 848.809875488 965.60345459 1011.66290283
a nan nan nan nan
b nan nan nan nan
d nan nan nan nan
g nan nan nan nan
t nan nan nan nan
h 4.0 4.0 4.0 4.0
c 0.0
Aa 0.0 0.0 0.0 0.0
Ab 0.0 0.0 0.0 0.0
Ad 0.0 0.0 0.0 0.0
Ag 0.0 0.0 0.0 0.0
At 0.0 0.0 0.0 0.0
as 0.0 0.0 0.0 0.0
bs 0.0 0.0 0.0 0.0
ds 0.0 0.0 0.0 0.0
gs 0.0 0.0 0.0 0.0
ts 0.0 0.0 0.0 0.0
eeg 871.839599609 848.809875488 965.60345459 906.384155273
eeg 977.118347168 848.809875488 965.60345459 748.466064453
eeg 1029.75769043 954.088623047 1070.88220215 801.105407715
eeg 977.118347168 848.809875488 965.60345459 853.744812012
eeg 977.118347168 954.088623047 1070.88220215 853.744812012
eeg 924.478942871 848.809875488 860.324707031 801.105407715
eeg 924.478942871 848.809875488 860.324707031 801.105407715
eeg 1082.39709473 848.809875488 860.324707031 643.187316895
eeg 924.478942871 954.088623047 965.60345459 906.384155273
eeg 924.478942871 848.809875488 860.324707031 1011.66290283
eeg 819.200195312 848.809875488 860.324707031 959.02355957
eeg 819.200195312 848.809875488 860.324707031 1011.66290283
eeg 924.478942871 638.252380371 649.767211914 695.826660156
eeg 924.478942871 954.088623047 965.60345459 801.105407715
eeg 871.839599609 690.891723633 755.045959473 906.384155273
eeg 924.478942871 638.252380371 649.767211914 906.384155273
eeg 924.478942871 638.252380371 649.767211914 801.105407715
eeg 871.839599609 690.891723633 702.406616211 801.105407715
eeg 1029.75769043 638.252380371 649.767211914 801.105407715
eeg 871.839599609 848.809875488 912.964111328 1011.66290283
eeg 871.839599609 532.973632812 491.849121094 1011.66290283
eeg 871.839599609 690.891723633 649.767211914 906.384155273
a nan nan nan nan
b nan nan nan nan
d nan nan nan nan
g nan nan nan nan
t nan nan nan nan
h 4.0 4.0 4.0 4.0
c 0.0
Aa 0.0 0.0 0.0 0.0
Ab 0.0 0.0 0.0 0.0
Ad 0.0 0.0 0.0 0.0
Ag 0.0 0.0 0.0 0.0
At 0.0 0.0 0.0 0.0
as 0.0 0.0 0.0 0.0
bs 0.0 0.0 0.0 0.0
ds 0.0 0.0 0.0 0.0
gs 0.0 0.0 0.0 0.0
ts 0.0 0.0 0.0 0.0
eeg 871.839599609 690.891723633 649.767211914 1011.66290283
eeg 1029.75769043 480.334259033 439.209747314 590.547912598
eeg 977.118347168 901.44921875 912.964111328 801.105407715
eeg 819.200195312 638.252380371 702.406616211 1011.66290283
eeg 871.839599609 638.252380371 597.127868652 906.384155273
eeg 871.839599609 638.252380371 597.127868652 801.105407715
eeg 871.839599609 638.252380371 597.127868652 801.105407715
eeg 1135.03637695 585.612976074 544.488464355 485.269195557
eeg 806.040344238 1016.59783936 1082.39709473 817.555236816
eeg 806.040344238 490.20413208 556.003356934 817.555236816
eeg 753.401000977 490.20413208 556.003356934 922.833984375
eeg 806.040344238 384.925415039 450.724609375 922.833984375
eeg 963.958496094 279.64666748 345.445861816 606.997741699
eeg 963.958496094 595.482910156 661.282104492 712.276489258
eeg 963.958496094 384.925415039 450.724609375 712.276489258
eeg 858.679748535 595.482910156 661.282104492 817.555236816
eeg 806.040344238 490.20413208 661.282104492 1028.1126709
eeg 858.679748535 384.925415039 450.724609375 712.276489258
eeg 858.679748535 595.482910156 661.282104492 712.276489258
eeg 1016.59783936 384.925415039 450.724609375 712.276489258
eeg 911.319091797 700.76159668 766.560852051 712.276489258
eeg 806.040344238 700.76159668 766.560852051 922.833984375
a nan nan nan nan
b nan nan nan nan
d nan nan nan nan
g nan nan nan nan
t nan nan nan nan
h 4.0 4.0 4.0 4.0
c 0.0
Aa 0.0 0.0 0.0 0.0
Ab 0.0 0.0 0.0 0.0
Ad 0.0 0.0 0.0 0.0
Ag 0.0 0.0 0.0 0.0
At 0.0 0.0 0.0 0.0
as 0.0 0.0 0.0 0.0
bs 0.0 0.0 0.0 0.0
ds 0.0 0.0 0.0 0.0
gs 0.0 0.0 0.0 0.0
ts 0.0 0.0 0.0 0.0
eeg 858.679748535 700.76159668 661.282104492 817.555236816
eeg 963.958496094 700.76159668 661.282104492 712.276489258
eeg 963.958496094 806.040344238 871.839599609 817.555236816
eeg 806.040344238 753.401000977 819.200195312 922.833984375
eeg 806.040344238 700.76159668 713.921447754 922.833984375
eeg 806.040344238 753.401000977 766.560852051 922.833984375
eeg 858.679748535 700.76159668 661.282104492 764.91583252
eeg 963.958496094 753.401000977 766.560852051 764.91583252
eeg 911.319091797 806.040344238 819.200195312 817.555236816
eeg 858.679748535 595.482910156 556.003356934 817.555236816
eeg 753.401000977 911.319091797 924.478942871 975.473327637
eeg 806.040344238 700.76159668 713.921447754 870.194580078
eeg 806.040344238 753.401000977 819.200195312 1028.1126709
eeg 963.958496094 700.76159668 713.921447754 870.194580078
eeg 806.040344238 700.76159668 713.921447754 975.473327637
eeg 806.040344238 700.76159668 713.921447754 975.473327637
eeg 806.040344238 700.76159668 766.560852051 817.555236816
eeg 806.040344238 700.76159668 766.560852051 817.555236816
eeg 806.040344238 595.482910156 608.642700195 817.555236816
eeg 924.478942871 595.482910156 713.921447754 870.194580078
eeg 825.780151367 542.843505859 713.921447754 870.194580078
eeg 858.679748535 437.564758301 661.282104492 975.473327637
a nan nan nan nan
b nan nan nan nan
d nan nan nan nan
g nan nan nan nan
t nan nan nan nan
h 4.0 4.0 4.0 4.0
c 0.0
Aa 0.0 0.0 0.0 0.0
Ab 0.0 0.0 0.0 0.0
Ad 0.0 0.0 0.0 0.0
Ag 0.0 0.0 0.0 0.0
At 0.0 0.0 0.0 0.0
as 0.0 0.0 0.0 0.0
bs 0.0 0.0 0.0 0.0
ds 0.0 0.0 0.0 0.0
gs 0.0 0.0 0.0 0.0
ts 0.0 0.0 0.0 0.0
eeg 852.09979248 542.843505859 819.200195312 764.91583252
eeg 812.620300293 648.122253418 924.478942871 870.194580078
eeg 911.319091797 384.925415039 608.642700195 870.194580078
eeg 766.560852051 648.122253418 871.839599609 922.833984375
eeg 786.300598145 490.20413208 766.560852051 922.833984375
eeg 825.780151367 490.20413208 661.282104492 817.555236816
eeg 832.360046387 542.843505859 661.282104492 817.555236816
eeg 937.638793945 542.843505859 661.282104492 712.276489258
eeg 911.319091797 648.122253418 766.560852051 870.194580078
eeg 779.720703125 648.122253418 766.560852051 975.473327637
eeg 661.282104492 648.122253418 766.560852051 975.473327637
eeg 687.601806641 648.122253418 661.282104492 1028.1126709
eeg 917.899047852 490.20413208 450.724609375 659.637145996
eeg 944.218688965 806.040344238 871.839599609 817.555236816
eeg 812.620300293 700.76159668 766.560852051 870.194580078
eeg 865.259643555 700.76159668 661.282104492 870.194580078
eeg 891.579345703 700.76159668 661.282104492 764.91583252
eeg 944.218688965 700.76159668 661.282104492 764.91583252
eeg 944.218688965 595.482910156 661.282104492 817.555236816
eeg 944.218688965 700.76159668 766.560852051 817.555236816
eeg 812.620300293 595.482910156 556.003356934 817.555236816
eeg 812.620300293 806.040344238 766.560852051 870.194580078
a nan nan nan nan
b nan nan nan nan
d nan nan nan nan
g nan nan nan nan
t nan nan nan nan
h 4.0 4.0 4.0 4.0
c 0.0
Aa 0.0 0.0 0.0 0.0
Ab 0.0 0.0 0.0 0.0
Ad 0.0 0.0 0.0 0.0
Ag 0.0 0.0 0.0 0.0
At 0.0 0.0 0.0 0.0
as 0.0 0.0 0.0 0.0
bs 0.0 0.0 0.0 0.0
ds 0.0 0.0 0.0 0.0
gs 0.0 0.0 0.0 0.0
ts 0.0 0.0 0.0 0.0
eeg 891.579345703 700.76159668 661.282104492 764.91583252
eeg 944.218688965 700.76159668 661.282104492 764.91583252
eeg 970.538391113 700.76159668 661.282104492 817.555236816
eeg 1023.17779541 490.20413208 450.724609375 659.637145996
eeg 812.620300293 806.040344238 871.839599609 817.555236816
eeg 838.940002441 700.76159668 766.560852051 817.555236816
eeg 865.259643555 700.76159668 766.560852051 764.91583252
eeg 759.980895996 806.040344238 977.118347168 1133.39147949
eeg 1023.17779541 490.20413208 556.003356934 922.833984375
eeg 917.899047852 806.040344238 871.839599609 922.833984375
eeg 917.899047852 806.040344238 871.839599609 975.473327637
eeg 1023.17779541 806.040344238 871.839599609 870.194580078
eeg 1023.17779541 806.040344238 871.839599609 870.194580078
eeg 1023.17779541 806.040344238 871.839599609 922.833984375
eeg 812.620300293 911.319091797 1082.39709473 1080.7520752
eeg 865.259643555 700.76159668 766.560852051 1028.1126709
eeg 917.899047852 700.76159668 766.560852051 764.91583252
eeg 917.899047852 806.040344238 871.839599609 764.91583252
eeg 865.259643555 700.76159668 766.560852051 764.91583252
eeg 865.259643555 700.76159668 766.560852051 870.194580078
eeg 812.620300293 700.76159668 766.560852051 870.194580078
eeg 917.899047852 595.482910156 556.003356934 764.91583252
a nan nan nan nan
b nan nan nan nan
d nan nan nan nan
g nan nan nan nan
t nan nan nan nan
h 4.0 4.0 4.0 4.0
c 0.0
Aa 0.0 0.0 0.0 0.0
Ab 0.0 0.0 0.0 0.0
Ad 0.0 0.0 0.0 0.0
Ag 0.0 0.0 0.0 0.0
At 0.0 0.0 0.0 0.0
as 0.0 0.0 0.0 0.0
bs 0.0 0.0 0.0 0.0
ds 0.0 0.0 0.0 0.0
gs 0.0 0.0 0.0 0.0
ts 0.0 0.0 0.0 0.0
eeg 917.899047852 806.040344238 766.560852051 554.358398438
eeg 812.620300293 806.040344238 977.118347168 817.555236816
eeg 865.259643555 595.482910156 766.560852051 817.555236816
eeg 812.620300293 806.040344238 977.118347168 870.194580078
eeg 812.620300293 595.482910156 661.282104492 870.194580078
eeg 865.259643555 700.76159668 871.839599609 817.555236816
eeg 865.259643555 700.76159668 871.839599609 817.555236816
eeg 865.259643555 700.76159668 871.839599609 870.194580078
eeg 865.259643555 700.76159668 871.839599609 870.194580078
eeg 812.620300293 595.482910156 661.282104492 817.555236816
eeg 759.980895996 806.040344238 871.839599609 870.194580078
eeg 865.259643555 700.76159668 766.560852051 817.555236816
eeg 917.899047852 700.76159668 766.560852051 764.91583252
eeg 917.899047852 806.040344238 871.839599609 870.194580078
eeg 865.259643555 700.76159668 766.560852051 870.194580078
eeg 812.620300293 700.76159668 766.560852051 870.194580078
eeg 865.259643555 700.76159668 766.560852051 817.555236816
eeg 865.259643555 700.76159668 871.839599609 817.555236816
eeg 759.980895996 700.76159668 871.839599609 1080.7520752
eeg 812.620300293 700.76159668 871.839599609 1080.7520752
eeg 549.423461914 595.482910156 766.560852051 1343.94897461
eeg 812.620300293 437.564758301 450.724609375 870.194580078
a nan nan nan nan
b nan nan nan nan
d nan nan nan nan
g nan nan nan nan
t nan nan nan nan
h 4.0 4.0 4.0 4.0
c 0.0
Aa 0.0 0.0 0.0 0.0
Ab 0.0 0.0 0.0 0.0
Ad 0.0 0.0 0.0 0.0
Ag 0.0 0.0 0.0 0.0
At 0.0 0.0 0.0 0.0
as 0.0 0.0 0.0 0.0
bs 0.0 0.0 0.0 0.0
ds 0.0 0.0 0.0 0.0
gs 0.0 0.0 0.0 0.0
ts 0.0 0.0 0.0 0.0
eeg 865.259643555 858.679748535 977.118347168 870.194580078
eeg 865.259643555 648.122253418 871.839599609 817.555236816
eeg 865.259643555 648.122253418 871.839599609 817.555236816
eeg 917.899047852 648.122253418 871.839599609 817.555236816
eeg 759.980895996 700.76159668 871.839599609 870.194580078
eeg 812.620300293 753.401000977 977.118347168 870.194580078
eeg 812.620300293 753.401000977 977.118347168 817.555236816
eeg 602.062805176 700.76159668 871.839599609 1028.1126709
eeg 812.620300293 595.482910156 661.282104492 870.194580078
eeg 759.980895996 753.401000977 766.560852051 764.91583252
eeg 654.702148438 858.679748535 977.118347168 922.833984375
eeg 707.341552734 700.76159668 819.200195312 922.833984375
eeg 865.259643555 595.482910156 608.642700195 659.637145996
eeg 759.980895996 858.679748535 871.839599609 817.555236816
eeg 759.980895996 700.76159668 766.560852051 922.833984375
eeg 707.341552734 753.401000977 819.200195312 817.555236816
eeg 759.980895996 753.401000977 713.921447754 817.555236816
eeg 812.620300293 858.679748535 819.200195312 817.555236816
eeg 654.702148438 858.679748535 819.200195312 1028.1126709
eeg 759.980895996 700.76159668 608.642700195 922.833984375
eeg 759.980895996 753.401000977 713.921447754 817.555236816
eeg 707.341552734 806.040344238 766.560852051 870.194580078
a nan nan nan nan
b nan nan nan nan
d nan nan nan nan
g nan nan nan nan
t nan nan nan nan
h 4.0 4.0 4.0 4.0
c 0.0
Aa 0.0 0.0 0.0 0.0
Ab 0.0 0.0 0.0 0.0
Ad 0.0 0.0 0.0 0.0
Ag 0.0 0.0 0.0 0.0
At 0.0 0.0 0.0 0.0
as 0.0 0.0 0.0 0.0
bs 0.0 0.0 0.0 0.0
ds 0.0 0.0 0.0 0.0
gs 0.0 0.0 0.0 0.0
ts 0.0 0.0 0.0 0.0
eeg 812.620300293 700.76159668 661.282104492 764.91583252
eeg 812.620300293 753.401000977 713.921447754 764.91583252
eeg 759.980895996 753.401000977 766.560852051 817.555236816
eeg 759.980895996 700.76159668 713.921447754 817.555236816
eeg 759.980895996 700.76159668 713.921447754 764.91583252
eeg 809.330322266 748.466064453 797.815490723 825.780151367
eeg 914.609069824 695.826660156 797.815490723 825.780151367
eeg 756.690979004 643.187316895 850.454833984 931.058898926
eeg 809.330322266 643.187316895 797.815490723 931.058898926
eeg 809.330322266 643.187316895 797.815490723 931.058898926
eeg 809.330322266 643.187316895 745.176086426 931.058898926
eeg 914.609069824 643.187316895 797.815490723 931.058898926
eeg 756.690979004 748.466064453 955.733581543 1036.33764648
eeg 809.330322266 537.908569336 692.536743164 1036.33764648
eeg 756.690979004 537.908569336 692.536743164 931.058898926
eeg 756.690979004 643.187316895 745.176086426 1036.33764648
eeg 914.609069824 379.990447998 429.339874268 615.22265625
eeg 914.609069824 748.466064453 745.176086426 825.780151367
eeg 967.248413086 485.269195557 534.618591309 720.501403809
eeg 861.969726562 853.744812012 955.733581543 825.780151367
eeg 598.772827148 695.826660156 850.454833984 1246.8951416
eeg 756.690979004 537.908569336 639.897338867 825.780151367
a nan nan nan nan
b nan nan nan nan
d nan nan nan nan
g nan nan nan nan
t nan nan nan nan
h 4.0 4.0 4.0 4.0
c 0.0
Aa 0.0 0.0 0.0 0.0
Ab 0.0 0.0 0.0 0.0
Ad 0.0 0.0 0.0 0.0
Ag 0.0 0.0 0.0 0.0
At 0.0 0.0 0.0 0.0
as 0.0 0.0 0.0 0.0
bs 0.0 0.0 0.0 0.0
ds 0.0 0.0 0.0 0.0
gs 0.0 0.0 0.0 0.0
ts 0.0 0.0 0.0 0.0
eeg 621.80255127 853.744812012 850.454833984 1141.61633301
eeg 865.259643555 537.908569336 639.897338867 825.780151367
eeg 799.460449219 748.466064453 850.454833984 931.058898926
eeg 789.590576172 537.908569336 639.897338867 931.058898926
eeg 796.170471191 748.466064453 850.454833984 825.780151367
eeg 894.86932373 537.908569336 639.897338867 720.501403809
eeg 904.739196777 748.466064453 850.454833984 720.501403809
eeg 644.832275391 748.466064453 850.454833984 1036.33764648
eeg 815.91027832 432.629821777 429.339874268 931.058898926
eeg 812.620300293 643.187316895 639.897338867 825.780151367
eeg 776.430725098 643.187316895 639.897338867 825.780151367
eeg 829.070068359 643.187316895 639.897338867 825.780151367
eeg 825.780151367 643.187316895 639.897338867 825.780151367
eeg 743.53112793 643.187316895 639.897338867 1036.33764648
eeg 723.791320801 643.187316895 639.897338867 931.058898926
eeg 756.690979004 748.466064453 639.897338867 1036.33764648
eeg 967.248413086 537.908569336 324.061126709 720.501403809
eeg 967.248413086 643.187316895 534.618591309 931.058898926
eeg 1072.52722168 432.629821777 324.061126709 931.058898926
eeg 914.609069824 748.466064453 745.176086426 1141.61633301
eeg 809.330322266 643.187316895 639.897338867 1246.8951416
eeg 861.969726562 537.908569336 429.339874268 1036.33764648
a nan nan nan nan
b nan nan nan nan
d nan nan nan nan
g nan nan nan nan
t nan nan nan nan
h 4.0 4.0 4.0 4.0
c 0.0
Aa 0.0 0.0 0.0 0.0
Ab 0.0 0.0 0.0 0.0
Ad 0.0 0.0 0.0 0.0
Ag 0.0 0.0 0.0 0.0
At 0.0 0.0 0.0 0.0
as 0.0 0.0 0.0 0.0
bs 0.0 0.0 0.0 0.0
ds 0.0 0.0 0.0 0.0
gs 0.0 0.0 0.0 0.0
ts 0.0 0.0 0.0 0.0
eeg 861.969726562 748.466064453 639.897338867 1036.33764648
eeg 861.969726562 643.187316895 534.618591309 1036.33764648
eeg 861.969726562 643.187316895 534.618591309 1141.61633301
eeg 809.330322266 643.187316895 534.618591309 1036.33764648
eeg 809.330322266 643.187316895 534.618591309 1036.33764648
eeg 1019.88781738 537.908569336 429.339874268 720.501403809
eeg 967.248413086 853.744812012 850.454833984 825.780151367
eeg 756.690979004 643.187316895 745.176086426 1036.33764648
eeg 809.330322266 643.187316895 745.176086426 931.058898926
eeg 598.772827148 643.187316895 745.176086426 1141.61633301
eeg 809.330322266 590.547912598 429.339874268 720.501403809
eeg 809.330322266 853.744812012 639.897338867 720.501403809
eeg 914.609069824 695.826660156 429.339874268 720.501403809
eeg 809.330322266 1011.66290283 745.176086426 615.22265625
eeg 756.690979004 801.105407715 639.897338867 931.058898926
eeg 809.330322266 801.105407715 639.897338867 720.501403809
eeg 861.969726562 801.105407715 639.897338867 720.501403809
eeg 914.609069824 801.105407715 639.897338867 720.501403809
eeg 914.609069824 801.105407715 639.897338867 615.22265625
eeg 756.690979004 853.744812012 745.176086426 825.780151367
eeg 756.690979004 853.744812012 850.454833984 825.780151367
eeg 756.690979004 695.826660156 745.176086426 720.501403809
a nan nan nan nan
b nan nan nan nan
d nan nan nan nan
g nan nan nan nan
t nan nan nan nan
h 4.0 4.0 4.0 4.0
c 0.0
Aa 0.0 0.0 0.0 0.0
Ab 0.0 0.0 0.0 0.0
Ad 0.0 0.0 0.0 0.0
Ag 0.0 0.0 0.0 0.0
At 0.0 0.0 0.0 0.0
as 0.0 0.0 0.0 0.0
bs 0.0 0.0 0.0 0.0
ds 0.0 0.0 0.0 0.0
gs 0.0 0.0 0.0 0.0
ts 0.0 0.0 0.0 0.0
eeg 704.051574707 801.105407715 745.176086426 825.780151367
eeg 914.609069824 643.187316895 639.897338867 720.501403809
eeg 756.690979004 801.105407715 850.454833984 720.501403809
eeg 756.690979004 801.105407715 850.454833984 931.058898926
eeg 861.969726562 590.547912598 692.536743164 720.501403809
eeg 914.609069824 643.187316895 745.176086426 615.22265625
eeg 914.609069824 695.826660156 797.815490723 667.861999512
eeg 809.330322266 643.187316895 745.176086426 825.780151367
eeg 756.690979004 695.826660156 797.815490723 825.780151367
eeg 809.330322266 590.547912598 639.897338867 720.501403809
eeg 809.330322266 748.466064453 797.815490723 720.501403809
eeg 704.051574707 748.466064453 797.815490723 983.698242188
eeg 914.609069824 590.547912598 587.257995605 825.780151367
eeg 756.690979004 695.826660156 639.897338867 773.14074707
eeg 809.330322266 695.826660156 587.257995605 825.780151367
eeg 809.330322266 748.466064453 692.536743164 615.22265625
eeg 756.690979004 853.744812012 903.094238281 983.698242188
eeg 861.969726562 643.187316895 692.536743164 878.419494629
eeg 756.690979004 695.826660156 692.536743164 825.780151367
eeg 756.690979004 695.826660156 639.897338867 878.419494629
eeg 809.330322266 695.826660156 692.536743164 720.501403809
eeg 809.330322266 748.466064453 797.815490723 720.501403809
a nan nan nan nan
b nan nan nan nan
d nan nan nan nan
g nan nan nan nan
t nan nan nan nan
h 4.0 4.0 4.0 4.0
c 0.0
Aa 0.0 0.0 0.0 0.0
Ab 0.0 0.0 0.0 0.0
Ad 0.0 0.0 0.0 0.0
Ag 0.0 0.0 0.0 0.0
At 0.0 0.0 0.0 0.0
as 0.0 0.0 0.0 0.0
bs 0.0 0.0 0.0 0.0
ds 0.0 0.0 0.0 0.0
gs 0.0 0.0 0.0 0.0
ts 0.0 0.0 0.0 0.0
eeg 809.330322266 695.826660156 745.176086426 773.14074707
eeg 914.609069824 643.187316895 639.897338867 773.14074707
eeg 756.690979004 695.826660156 745.176086426 773.14074707
eeg 756.690979004 695.826660156 745.176086426 825.780151367
eeg 861.969726562 695.826660156 797.815490723 773.14074707
eeg 861.969726562 695.826660156 745.176086426 720.501403809
eeg 861.969726562 695.826660156 745.176086426 825.780151367
eeg 809.330322266 748.466064453 797.815490723 825.780151367
eeg 756.690979004 643.187316895 639.897338867 825.780151367
eeg 809.330322266 801.105407715 850.454833984 773.14074707
eeg 809.330322266 748.466064453 797.815490723 720.501403809
eeg 651.412231445 801.105407715 903.094238281 1141.61633301
eeg 914.609069824 537.908569336 534.618591309 878.419494629
eeg 756.690979004 643.187316895 639.897338867 773.14074707
