eeg 809.330322266 748.466064453 534.618591309 773.14074707
eeg 861.969726562 853.744812012 639.897338867 404.665161133
eeg 809.330322266 959.02355957 850.454833984 825.780151367
eeg 861.969726562 643.187316895 429.339874268 825.780151367
eeg 756.690979004 853.744812012 639.897338867 825.780151367
eeg 756.690979004 748.466064453 534.618591309 773.14074707
eeg 809.330322266 748.466064453 534.618591309 720.501403809
eeg 809.330322266 853.744812012 745.176086426 720.501403809
a nan nan nan nan
b nan nan nan nan
d nan nan nan nan
g nan nan nan nan
t nan nan nan nan
h 4.0 4.0 4.0 4.0
c 0.0
Aa 0.0 0.0 0.0 0.0
Ab 0.0 0.0 0.0 0.0
Ad 0.0 0.0 0.0 0.0
Ag 0.0 0.0 0.0 0.0
At 0.0 0.0 0.0 0.0
as 0.0 0.0 0.0 0.0
bs 0.0 0.0 0.0 0.0
ds 0.0 0.0 0.0 0.0
gs 0.0 0.0 0.0 0.0
ts 0.0 0.0 0.0 0.0
eeg 809.330322266 748.466064453 534.618591309 720.501403809
eeg 861.969726562 748.466064453 534.618591309 825.780151367
eeg 756.690979004 748.466064453 639.897338867 825.780151367
eeg 651.412231445 748.466064453 639.897338867 878.419494629
eeg 651.412231445 748.466064453 639.897338867 1036.33764648
eeg 861.969726562 537.908569336 429.339874268 720.501403809
eeg 809.330322266 748.466064453 745.176086426 878.419494629
eeg 809.330322266 643.187316895 639.897338867 878.419494629
eeg 809.330322266 695.826660156 692.536743164 860.324707031
eeg 861.969726562 748.466064453 850.454833984 866.904663086
eeg 914.609069824 695.826660156 850.454833984 786.300598145
eeg 861.969726562 695.826660156 850.454833984 843.874938965
eeg 914.609069824 643.187316895 797.815490723 891.579345703
eeg 809.330322266 695.826660156 850.454833984 876.774536133
eeg 809.330322266 643.187316895 745.176086426 880.064453125
eeg 914.609069824 748.466064453 903.094238281 873.484558105
eeg 914.609069824 748.466064453 903.094238281 950.79864502
eeg 914.609069824 590.547912598 639.897338867 977.118347168
eeg 914.609069824 695.826660156 745.176086426 824.135131836
eeg 861.969726562 695.826660156 745.176086426 847.164855957
eeg 914.609069824 695.826660156 745.176086426 750.111022949
eeg 914.609069824 748.466064453 850.454833984 786.300598145
a nan nan nan nan
b nan nan nan nan
d nan nan nan nan
g nan nan nan nan
t nan nan nan nan
h 4.0 4.0 4.0 4.0
c 0.0
Aa 0.0 0.0 0.0 0.0
Ab 0.0 0.0 0.0 0.0
Ad 0.0 0.0 0.0 0.0
Ag 0.0 0.0 0.0 0.0
At 0.0 0.0 0.0 0.0
as 0.0 0.0 0.0 0.0
bs 0.0 0.0 0.0 0.0
ds 0.0 0.0 0.0 0.0
gs 0.0 0.0 0.0 0.0
ts 0.0 0.0 0.0 0.0
eeg 809.330322266 695.826660156 745.176086426 896.514282227
eeg 861.969726562 643.187316895 639.897338867 875.129516602
eeg 778.075683594 733.661254883 769.850830078 829.070068359
eeg 725.436340332 733.661254883 875.129516602 934.348815918
eeg 725.436340332 733.661254883 980.40826416 1355.46374512
eeg 883.354431152 628.382507324 769.850830078 934.348815918
eeg 830.715087891 733.661254883 875.129516602 1039.62756348
eeg 778.075683594 733.661254883 875.129516602 1039.62756348
eeg 778.075683594 838.940002441 980.40826416 829.070068359
eeg 725.436340332 838.940002441 980.40826416 1144.90637207
eeg 883.354431152 628.382507324 664.57208252 934.348815918
eeg 883.354431152 733.661254883 769.850830078 829.070068359
eeg 830.715087891 838.940002441 875.129516602 934.348815918
eeg 672.796936035 733.661254883 769.850830078 1144.90637207
eeg 672.796936035 733.661254883 769.850830078 934.348815918
eeg 672.796936035 733.661254883 769.850830078 934.348815918
eeg 883.354431152 523.103759766 559.293334961 723.791320801
eeg 830.715087891 838.940002441 875.129516602 829.070068359
eeg 830.715087891 733.661254883 769.850830078 934.348815918
eeg 725.436340332 681.021850586 717.211425781 934.348815918
eeg 778.075683594 681.021850586 822.49017334 881.709472656
eeg 830.715087891 628.382507324 822.49017334 881.709472656
a nan nan nan nan
b nan nan nan nan
d nan nan nan nan
g nan nan nan nan
t nan nan nan nan
h 4.0 4.0 4.0 4.0
c 0.0
Aa 0.0 0.0 0.0 0.0
Ab 0.0 0.0 0.0 0.0
Ad 0.0 0.0 0.0 0.0
Ag 0.0 0.0 0.0 0.0
At 0.0 0.0 0.0 0.0
as 0.0 0.0 0.0 0.0
bs 0.0 0.0 0.0 0.0
ds 0.0 0.0 0.0 0.0
gs 0.0 0.0 0.0 0.0
ts 0.0 0.0 0.0 0.0
eeg 725.436340332 575.743103027 822.49017334 986.988220215
eeg 778.075683594 523.103759766 717.211425781 986.988220215
eeg 778.075683594 575.743103027 769.850830078 934.348815918
eeg 725.436340332 575.743103027 769.850830078 934.348815918
eeg 725.436340332 628.382507324 875.129516602 986.988220215
eeg 830.715087891 523.103759766 664.57208252 829.070068359
eeg 778.075683594 575.743103027 664.57208252 986.988220215
eeg 935.993835449 575.743103027 664.57208252 776.430725098
eeg 778.075683594 786.300598145 927.768920898 881.709472656
eeg 725.436340332 786.300598145 980.40826416 1039.62756348
eeg 883.354431152 523.103759766 664.57208252 881.709472656
eeg 883.354431152 733.661254883 769.850830078 881.709472656
eeg 883.354431152 628.382507324 611.932678223 881.709472656
eeg 830.715087891 733.661254883 769.850830078 881.709472656
eeg 725.436340332 681.021850586 717.211425781 986.988220215
eeg 725.436340332 681.021850586 717.211425781 1039.62756348
eeg 935.993835449 523.103759766 506.653930664 829.070068359
eeg 778.075683594 628.382507324 559.293334961 986.988220215
eeg 778.075683594 628.382507324 559.293334961 986.988220215
eeg 778.075683594 628.382507324 664.57208252 881.709472656
eeg 830.715087891 575.743103027 559.293334961 881.709472656
eeg 883.354431152 628.382507324 611.932678223 881.709472656
a nan nan nan nan
b nan nan nan nan
d nan nan nan nan
g nan nan nan nan
t nan nan nan nan
h 4.0 4.0 4.0 4.0
c 0.0
Aa 0.0 0.0 0.0 0.0
Ab 0.0 0.0 0.0 0.0
Ad 0.0 0.0 0.0 0.0
Ag 0.0 0.0 0.0 0.0
At 0.0 0.0 0.0 0.0
as 0.0 0.0 0.0 0.0
bs 0.0 0.0 0.0 0.0
ds 0.0 0.0 0.0 0.0
gs 0.0 0.0 0.0 0.0
ts 0.0 0.0 0.0 0.0
eeg 830.715087891 628.382507324 611.932678223 881.709472656
eeg 830.715087891 575.743103027 559.293334961 934.348815918
eeg 830.715087891 733.661254883 769.850830078 829.070068359
eeg 778.075683594 681.021850586 664.57208252 881.709472656
eeg 883.354431152 681.021850586 611.932678223 776.430725098
eeg 883.354431152 733.661254883 717.211425781 776.430725098
eeg 830.715087891 681.021850586 664.57208252 829.070068359
eeg 725.436340332 786.300598145 769.850830078 934.348815918
eeg 725.436340332 891.579345703 769.850830078 829.070068359
eeg 778.075683594 786.300598145 664.57208252 829.070068359
eeg 830.715087891 891.579345703 769.850830078 829.070068359
eeg 725.436340332 786.300598145 664.57208252 986.988220215
eeg 725.436340332 786.300598145 664.57208252 986.988220215
eeg 725.436340332 681.021850586 559.293334961 934.348815918
eeg 725.436340332 786.300598145 769.850830078 881.709472656
eeg 830.715087891 681.021850586 559.293334961 776.430725098
eeg 830.715087891 786.300598145 664.57208252 829.070068359
eeg 778.075683594 786.300598145 664.57208252 829.070068359
eeg 725.436340332 786.300598145 664.57208252 1039.62756348
eeg 725.436340332 786.300598145 664.57208252 1355.46374512
eeg 830.715087891 575.743103027 454.014587402 776.430725098
eeg 883.354431152 786.300598145 664.57208252 881.709472656
a nan nan nan nan
b nan nan nan nan
d nan nan nan nan
g nan nan nan nan
t nan nan nan nan
h 4.0 4.0 4.0 4.0
c 0.0
Aa 0.0 0.0 0.0 0.0
Ab 0.0 0.0 0.0 0.0
Ad 0.0 0.0 0.0 0.0
Ag 0.0 0.0 0.0 0.0
At 0.0 0.0 0.0 0.0
as 0.0 0.0 0.0 0.0
bs 0.0 0.0 0.0 0.0
ds 0.0 0.0 0.0 0.0
gs 0.0 0.0 0.0 0.0
ts 0.0 0.0 0.0 0.0
eeg 830.715087891 681.021850586 664.57208252 829.070068359
eeg 768.205810547 628.382507324 697.471679688 723.791320801
eeg 781.365661621 575.743103027 730.371276855 829.070068359
eeg 807.68536377 417.825012207 477.044311523 723.791320801
eeg 1018.24285889 628.382507324 779.720703125 513.233886719
eeg 810.975280762 628.382507324 799.460449219 723.791320801
eeg 807.68536377 575.743103027 750.111022949 829.070068359
eeg 771.495788574 575.743103027 704.051574707 829.070068359
eeg 768.205810547 628.382507324 763.270874023 829.070068359
eeg 912.964111328 523.103759766 608.642700195 618.512634277
eeg 939.283752441 575.743103027 621.80255127 618.512634277
eeg 916.25402832 575.743103027 654.702148438 513.233886719
eeg 797.815490723 681.021850586 829.070068359 723.791320801
eeg 745.176086426 681.021850586 865.259643555 829.070068359
eeg 781.365661621 575.743103027 664.57208252 723.791320801
eeg 794.525512695 628.382507324 664.57208252 723.791320801
eeg 945.863708496 628.382507324 634.962402344 723.791320801
eeg 893.224304199 786.300598145 845.519897461 723.791320801
eeg 893.224304199 786.300598145 898.159240723 829.070068359
eeg 893.224304199 733.661254883 792.880554199 723.791320801
eeg 998.503051758 733.661254883 792.880554199 671.151977539
eeg 998.503051758 786.300598145 845.519897461 723.791320801
a nan nan nan nan
b nan nan nan nan
d nan nan nan nan
g nan nan nan nan
t nan nan nan nan
h 4.0 4.0 4.0 4.0
c 0.0
Aa 0.0 0.0 0.0 0.0
Ab 0.0 0.0 0.0 0.0
Ad 0.0 0.0 0.0 0.0
Ag 0.0 0.0 0.0 0.0
At 0.0 0.0 0.0 0.0
as 0.0 0.0 0.0 0.0
bs 0.0 0.0 0.0 0.0
ds 0.0 0.0 0.0 0.0
gs 0.0 0.0 0.0 0.0
ts 0.0 0.0 0.0 0.0
eeg 840.584960938 733.661254883 845.519897461 881.709472656
eeg 840.584960938 786.300598145 898.159240723 881.709472656
eeg 787.945556641 628.382507324 634.962402344 829.070068359
eeg 840.584960938 628.382507324 634.962402344 776.430725098
eeg 945.863708496 733.661254883 792.880554199 618.512634277
eeg 840.584960938 786.300598145 898.159240723 829.070068359
eeg 840.584960938 681.021850586 792.880554199 934.348815918
eeg 787.945556641 681.021850586 792.880554199 881.709472656
eeg 787.945556641 681.021850586 687.601806641 881.709472656
eeg 945.863708496 628.382507324 634.962402344 723.791320801
eeg 945.863708496 891.579345703 950.79864502 776.430725098
eeg 682.666870117 681.021850586 740.241149902 1039.62756348
eeg 735.306213379 575.743103027 529.683654785 1039.62756348
eeg 735.306213379 681.021850586 529.683654785 986.988220215
eeg 787.945556641 681.021850586 424.404937744 881.709472656
eeg 630.02746582 733.661254883 529.683654785 1092.26696777
eeg 840.584960938 628.382507324 424.404937744 934.348815918
eeg 682.666870117 628.382507324 424.404937744 986.988220215
eeg 735.306213379 681.021850586 529.683654785 986.988220215
eeg 787.945556641 575.743103027 424.404937744 829.070068359
eeg 787.945556641 733.661254883 634.962402344 881.709472656
eeg 840.584960938 681.021850586 634.962402344 881.709472656
a nan nan nan nan
b nan nan nan nan
d nan nan nan nan
g nan nan nan nan
t nan nan nan nan
h 4.0 4.0 4.0 4.0
c 0.0
Aa 0.0 0.0 0.0 0.0
Ab 0.0 0.0 0.0 0.0
Ad 0.0 0.0 0.0 0.0
Ag 0.0 0.0 0.0 0.0
At 0.0 0.0 0.0 0.0
as 0.0 0.0 0.0 0.0
bs 0.0 0.0 0.0 0.0
ds 0.0 0.0 0.0 0.0
gs 0.0 0.0 0.0 0.0
ts 0.0 0.0 0.0 0.0
eeg 735.306213379 681.021850586 634.962402344 934.348815918
eeg 735.306213379 681.021850586 634.962402344 934.348815918
eeg 682.666870117 733.661254883 634.962402344 934.348815918
eeg 787.945556641 628.382507324 529.683654785 776.430725098
eeg 735.306213379 838.940002441 845.519897461 934.348815918
eeg 893.224304199 621.80255127 687.601806641 776.430725098
eeg 787.945556641 766.560852051 898.159240723 776.430725098
eeg 840.584960938 759.980895996 950.79864502 881.709472656
eeg 893.224304199 615.22265625 792.880554199 723.791320801
eeg 893.224304199 713.921447754 845.519897461 723.791320801
eeg 893.224304199 720.501403809 845.519897461 723.791320801
eeg 735.306213379 713.921447754 845.519897461 934.348815918
eeg 735.306213379 746.821105957 845.519897461 881.709472656
eeg 735.306213379 628.382507324 687.601806641 881.709472656
eeg 840.584960938 759.980895996 792.880554199 723.791320801
eeg 840.584960938 641.542358398 687.601806641 671.151977539
eeg 893.224304199 720.501403809 740.241149902 776.430725098
eeg 787.945556641 746.821105957 792.880554199 776.430725098
eeg 735.306213379 740.241149902 792.880554199 881.709472656
eeg 840.584960938 700.76159668 792.880554199 881.709472656
eeg 787.945556641 727.081298828 792.880554199 881.709472656
eeg 922.833984375 552.713378906 508.298919678 865.259643555
a nan nan nan nan
b nan nan nan nan
d nan nan nan nan
g nan nan nan nan
t nan nan nan nan
h 4.0 4.0 4.0 4.0
c 0.0
Aa 0.0 0.0 0.0 0.0
Ab 0.0 0.0 0.0 0.0
Ad 0.0 0.0 0.0 0.0
Ag 0.0 0.0 0.0 0.0
At 0.0 0.0 0.0 0.0
as 0.0 0.0 0.0 0.0
bs 0.0 0.0 0.0 0.0
ds 0.0 0.0 0.0 0.0
gs 0.0 0.0 0.0 0.0
ts 0.0 0.0 0.0 0.0
eeg 870.194580078 763.270874023 718.856384277 865.259643555
eeg 817.555236816 868.549621582 929.413879395 970.538391113
eeg 817.555236816 657.992126465 718.856384277 970.538391113
eeg 870.194580078 763.270874023 824.135131836 865.259643555
eeg 870.194580078 657.992126465 718.856384277 917.899047852
eeg 975.473327637 657.992126465 718.856384277 865.259643555
eeg 870.194580078 552.713378906 508.298919678 812.620300293
eeg 870.194580078 657.992126465 613.577697754 917.899047852
eeg 870.194580078 657.992126465 613.577697754 707.341552734
eeg 817.555236816 657.992126465 613.577697754 970.538391113
eeg 922.833984375 657.992126465 613.577697754 917.899047852
eeg 764.91583252 657.992126465 613.577697754 917.899047852
eeg 764.91583252 657.992126465 718.856384277 970.538391113
eeg 659.637145996 657.992126465 718.856384277 1233.73522949
eeg 817.555236816 552.713378906 508.298919678 812.620300293
eeg 817.555236816 763.270874023 718.856384277 865.259643555
eeg 975.473327637 500.074035645 613.577697754 759.980895996
eeg 922.833984375 763.270874023 929.413879395 707.341552734
eeg 712.276489258 763.270874023 929.413879395 1023.17779541
eeg 817.555236816 710.631530762 824.135131836 917.899047852
eeg 870.194580078 657.992126465 718.856384277 654.702148438
eeg 870.194580078 868.549621582 929.413879395 865.259643555
a nan nan nan nan
b nan nan nan nan
d nan nan nan nan
g nan nan nan nan
t nan nan nan nan
h 4.0 4.0 4.0 4.0
c 0.0
Aa 0.0 0.0 0.0 0.0
Ab 0.0 0.0 0.0 0.0
Ad 0.0 0.0 0.0 0.0
Ag 0.0 0.0 0.0 0.0
At 0.0 0.0 0.0 0.0
as 0.0 0.0 0.0 0.0
bs 0.0 0.0 0.0 0.0
ds 0.0 0.0 0.0 0.0
gs 0.0 0.0 0.0 0.0
ts 0.0 0.0 0.0 0.0
eeg 764.91583252 657.992126465 824.135131836 1075.81713867
eeg 764.91583252 710.631530762 824.135131836 1023.17779541
eeg 764.91583252 657.992126465 718.856384277 1023.17779541
eeg 870.194580078 657.992126465 718.856384277 865.259643555
eeg 817.555236816 710.631530762 718.856384277 865.259643555
eeg 922.833984375 552.713378906 613.577697754 865.259643555
eeg 870.194580078 763.270874023 824.135131836 812.620300293
eeg 764.91583252 710.631530762 824.135131836 970.538391113
eeg 922.833984375 552.713378906 718.856384277 707.341552734
eeg 922.833984375 763.270874023 824.135131836 759.980895996
eeg 975.473327637 710.631530762 771.495788574 812.620300293
eeg 922.833984375 657.992126465 666.217041016 759.980895996
eeg 870.194580078 684.311828613 666.217041016 865.259643555
eeg 975.473327637 736.951171875 718.856384277 759.980895996
eeg 975.473327637 710.631530762 718.856384277 759.980895996
eeg 870.194580078 815.91027832 824.135131836 970.538391113
eeg 975.473327637 684.311828613 718.856384277 865.259643555
eeg 817.555236816 579.033081055 508.298919678 865.259643555
eeg 922.833984375 710.631530762 613.577697754 865.259643555
eeg 975.473327637 736.951171875 718.856384277 654.702148438
eeg 870.194580078 789.590576172 771.495788574 917.899047852
eeg 922.833984375 710.631530762 718.856384277 917.899047852
a nan nan nan nan
b nan nan nan nan
d nan nan nan nan
g nan nan nan nan
t nan nan nan nan
h 4.0 4.0 4.0 4.0
c 0.0
Aa 0.0 0.0 0.0 0.0
Ab 0.0 0.0 0.0 0.0
Ad 0.0 0.0 0.0 0.0
Ag 0.0 0.0 0.0 0.0
At 0.0 0.0 0.0 0.0
as 0.0 0.0 0.0 0.0
bs 0.0 0.0 0.0 0.0
ds 0.0 0.0 0.0 0.0
gs 0.0 0.0 0.0 0.0
ts 0.0 0.0 0.0 0.0
eeg 764.91583252 710.631530762 718.856384277 1023.17779541
eeg 764.91583252 710.631530762 718.856384277 1023.17779541
eeg 764.91583252 684.311828613 718.856384277 865.259643555
eeg 870.194580078 736.951171875 771.495788574 812.620300293
eeg 712.276489258 684.311828613 771.495788574 861.969726562
eeg 764.91583252 526.393737793 666.217041016 875.129516602
eeg 712.276489258 579.033081055 771.495788574 908.029174805
eeg 554.358398438 579.033081055 771.495788574 931.058898926
eeg 606.997741699 631.672424316 876.774536133 973.828369141
eeg 764.91583252 473.754333496 666.217041016 713.921447754
eeg 764.91583252 631.672424316 771.495788574 838.940002441
eeg 764.91583252 631.672424316 771.495788574 934.348815918
eeg 764.91583252 526.393737793 560.938293457 852.09979248
eeg 817.555236816 736.951171875 771.495788574 799.460449219
eeg 817.555236816 684.311828613 771.495788574 773.14074707
eeg 817.555236816 579.033081055 666.217041016 809.330322266
eeg 817.555236816 736.951171875 771.495788574 884.999450684
eeg 817.555236816 684.311828613 771.495788574 855.389770508
eeg 712.276489258 736.951171875 771.495788574 878.419494629
eeg 764.91583252 842.229919434 876.774536133 908.029174805
eeg 922.833984375 526.393737793 666.217041016 723.791320801
eeg 922.833984375 789.590576172 876.774536133 908.029174805
a nan nan nan nan
b nan nan nan nan
d nan nan nan nan
g nan nan nan nan
t nan nan nan nan
h 4.0 4.0 4.0 4.0
c 0.0
Aa 0.0 0.0 0.0 0.0
Ab 0.0 0.0 0.0 0.0
Ad 0.0 0.0 0.0 0.0
Ag 0.0 0.0 0.0 0.0
At 0.0 0.0 0.0 0.0
as 0.0 0.0 0.0 0.0
bs 0.0 0.0 0.0 0.0
ds 0.0 0.0 0.0 0.0
gs 0.0 0.0 0.0 0.0
ts 0.0 0.0 0.0 0.0
eeg 922.833984375 579.033081055 666.217041016 855.389770508
eeg 817.555236816 631.672424316 666.217041016 881.709472656
eeg 817.555236816 684.311828613 771.495788574 908.029174805
eeg 870.194580078 631.672424316 666.217041016 802.750427246
eeg 606.997741699 789.590576172 876.774536133 1092.26696777
eeg 817.555236816 631.672424316 771.495788574 908.029174805
eeg 712.276489258 631.672424316 666.217041016 881.709472656
eeg 712.276489258 842.229919434 876.774536133 881.709472656
eeg 870.194580078 684.311828613 771.495788574 776.430725098
eeg 870.194580078 736.951171875 771.495788574 776.430725098
eeg 870.194580078 789.590576172 876.774536133 855.389770508
eeg 870.194580078 684.311828613 771.495788574 829.070068359
eeg 817.555236816 736.951171875 771.495788574 829.070068359
eeg 817.555236816 736.951171875 771.495788574 829.070068359
eeg 922.833984375 684.311828613 771.495788574 881.709472656
eeg 817.555236816 894.86932373 982.053283691 986.988220215
eeg 870.194580078 684.311828613 771.495788574 986.988220215
eeg 764.91583252 736.951171875 771.495788574 986.988220215
eeg 764.91583252 736.951171875 771.495788574 986.988220215
eeg 817.555236816 736.951171875 771.495788574 1092.26696777
eeg 870.194580078 736.951171875 771.495788574 881.709472656
eeg 817.555236816 684.311828613 666.217041016 986.988220215
a nan nan nan nan
b nan nan nan nan
d nan nan nan nan
g nan nan nan nan
t nan nan nan nan
h 4.0 4.0 4.0 4.0
c 0.0
Aa 0.0 0.0 0.0 0.0
Ab 0.0 0.0 0.0 0.0
Ad 0.0 0.0 0.0 0.0
Ag 0.0 0.0 0.0 0.0
At 0.0 0.0 0.0 0.0
as 0.0 0.0 0.0 0.0
bs 0.0 0.0 0.0 0.0
ds 0.0 0.0 0.0 0.0
gs 0.0 0.0 0.0 0.0
ts 0.0 0.0 0.0 0.0
eeg 870.194580078 789.590576172 771.495788574 881.709472656
eeg 764.91583252 789.590576172 771.495788574 881.709472656
eeg 712.276489258 894.86932373 876.774536133 1144.90637207
eeg 870.194580078 684.311828613 666.217041016 881.709472656
eeg 764.91583252 736.951171875 666.217041016 881.709472656
eeg 817.555236816 736.951171875 666.217041016 881.709472656
eeg 817.555236816 789.590576172 771.495788574 829.070068359
eeg 712.276489258 842.229919434 876.774536133 881.709472656
eeg 817.555236816 631.672424316 771.495788574 986.988220215
eeg 922.833984375 631.672424316 771.495788574 776.430725098
eeg 817.555236816 631.672424316 666.217041016 776.430725098
eeg 817.555236816 736.951171875 771.495788574 776.430725098
eeg 764.91583252 736.951171875 771.495788574 776.430725098
eeg 764.91583252 736.951171875 876.774536133 881.709472656
eeg 922.833984375 526.393737793 560.938293457 776.430725098
eeg 659.637145996 736.951171875 771.495788574 986.988220215
eeg 817.555236816 631.672424316 666.217041016 881.709472656
eeg 817.555236816 631.672424316 560.938293457 881.709472656
eeg 817.555236816 736.951171875 666.217041016 881.709472656
eeg 1028.1126709 631.672424316 666.217041016 671.151977539
eeg 764.91583252 842.229919434 876.774536133 986.988220215
eeg 817.555236816 736.951171875 876.774536133 986.988220215
a nan nan nan nan
b nan nan nan nan
d nan nan nan nan
g nan nan nan nan
t nan nan nan nan
h 4.0 4.0 4.0 4.0
c 0.0
Aa 0.0 0.0 0.0 0.0
Ab 0.0 0.0 0.0 0.0
Ad 0.0 0.0 0.0 0.0
Ag 0.0 0.0 0.0 0.0
At 0.0 0.0 0.0 0.0
as 0.0 0.0 0.0 0.0
bs 0.0 0.0 0.0 0.0
ds 0.0 0.0 0.0 0.0
gs 0.0 0.0 0.0 0.0
ts 0.0 0.0 0.0 0.0
eeg 817.555236816 631.672424316 666.217041016 776.430725098
eeg 764.91583252 736.951171875 666.217041016 776.430725098
eeg 896.514282227 684.311828613 666.217041016 723.791320801
eeg 922.833984375 789.590576172 876.774536133 776.430725098
eeg 791.235534668 631.672424316 666.217041016 881.709472656
eeg 870.194580078 631.672424316 613.577697754 881.709472656
eeg 870.194580078 684.311828613 666.217041016 829.070068359
eeg 791.235534668 736.951171875 718.856384277 829.070068359
eeg 738.596191406 736.951171875 771.495788574 934.348815918
eeg 975.473327637 526.393737793 508.298919678 723.791320801
eeg 791.235534668 736.951171875 771.495788574 881.709472656
eeg 791.235534668 684.311828613 771.495788574 934.348815918
eeg 817.555236816 579.033081055 613.577697754 776.430725098
eeg 870.194580078 684.311828613 718.856384277 776.430725098
eeg 896.514282227 684.311828613 718.856384277 776.430725098
eeg 896.514282227 579.033081055 613.577697754 723.791320801
eeg 791.235534668 736.951171875 824.135131836 881.709472656
eeg 764.91583252 684.311828613 771.495788574 881.709472656
eeg 783.010620117 644.832275391 672.796936035 820.845214844
eeg 940.928771973 649.767211914 646.477294922 715.566467285
eeg 940.928771973 778.075683594 778.075683594 715.566467285
eeg 888.289367676 656.347167969 672.796936035 820.845214844
a nan nan nan nan
b nan nan nan nan
d nan nan nan nan
g nan nan nan nan
t nan nan nan nan
h 4.0 4.0 4.0 4.0
c 0.0
Aa 0.0 0.0 0.0 0.0
Ab 0.0 0.0 0.0 0.0
Ad 0.0 0.0 0.0 0.0
Ag 0.0 0.0 0.0 0.0
At 0.0 0.0 0.0 0.0
as 0.0 0.0 0.0 0.0
bs 0.0 0.0 0.0 0.0
ds 0.0 0.0 0.0 0.0
gs 0.0 0.0 0.0 0.0
ts 0.0 0.0 0.0 0.0
eeg 783.010620117 771.495788574 804.395385742 978.763305664
eeg 835.650024414 761.625915527 830.715087891 1031.40270996
eeg 888.289367676 516.523803711 514.878845215 662.927062988
eeg 940.928771973 825.780151367 804.395385742 768.205810547
eeg 783.010620117 666.217041016 672.796936035 820.845214844
eeg 783.010620117 664.57208252 646.477294922 873.484558105
eeg 835.650024414 730.371276855 725.436340332 873.484558105
eeg 835.650024414 704.051574707 699.116638184 820.845214844
eeg 835.650024414 700.76159668 699.116638184 820.845214844
eeg 888.289367676 674.441955566 672.796936035 820.845214844
eeg 783.010620117 672.796936035 646.477294922 873.484558105
eeg 783.010620117 681.021850586 672.796936035 926.123962402
eeg 783.010620117 763.270874023 830.715087891 873.484558105
eeg 888.289367676 763.270874023 830.715087891 768.205810547
eeg 940.928771973 973.828369141 935.993835449 820.845214844
eeg 940.928771973 868.549621582 725.436340332 768.205810547
eeg 835.650024414 973.828369141 830.715087891 926.123962402
eeg 835.650024414 973.828369141 830.715087891 926.123962402
eeg 835.650024414 973.828369141 725.436340332 873.484558105
eeg 783.010620117 1079.10705566 935.993835449 1031.40270996
eeg 993.568115234 868.549621582 725.436340332 873.484558105
eeg 835.650024414 868.549621582 725.436340332 873.484558105
a nan nan nan nan
b nan nan nan nan
d nan nan nan nan
g nan nan nan nan
t nan nan nan nan
h 4.0 4.0 4.0 4.0
c 0.0
Aa 0.0 0.0 0.0 0.0
Ab 0.0 0.0 0.0 0.0
Ad 0.0 0.0 0.0 0.0
Ag 0.0 0.0 0.0 0.0
At 0.0 0.0 0.0 0.0
as 0.0 0.0 0.0 0.0
bs 0.0 0.0 0.0 0.0
ds 0.0 0.0 0.0 0.0
gs 0.0 0.0 0.0 0.0
ts 0.0 0.0 0.0 0.0
eeg 730.371276855 973.828369141 935.993835449 1031.40270996
eeg 783.010620117 763.270874023 725.436340332 926.123962402
eeg 888.289367676 763.270874023 725.436340332 873.484558105
eeg 888.289367676 868.549621582 935.993835449 873.484558105
eeg 783.010620117 763.270874023 830.715087891 926.123962402
eeg 783.010620117 763.270874023 830.715087891 926.123962402
eeg 783.010620117 763.270874023 830.715087891 926.123962402
eeg 888.289367676 605.352783203 620.157592773 768.205810547
eeg 1046.20751953 552.713378906 620.157592773 557.64831543
eeg 940.928771973 710.631530762 830.715087891 768.205810547
eeg 888.289367676 500.074035645 620.157592773 820.845214844
eeg 783.010620117 605.352783203 725.436340332 873.484558105
eeg 835.650024414 605.352783203 725.436340332 820.845214844
eeg 888.289367676 447.434661865 514.878845215 715.566467285
eeg 940.928771973 657.992126465 620.157592773 768.205810547
eeg 940.928771973 605.352783203 620.157592773 768.205810547
eeg 783.010620117 815.91027832 830.715087891 926.123962402
eeg 783.010620117 657.992126465 725.436340332 926.123962402
eeg 835.650024414 657.992126465 725.436340332 820.845214844
eeg 888.289367676 657.992126465 725.436340332 820.845214844
eeg 888.289367676 710.631530762 830.715087891 873.484558105
eeg 835.650024414 710.631530762 830.715087891 873.484558105
a nan nan nan nan
b nan nan nan nan
d nan nan nan nan
g nan nan nan nan
t nan nan nan nan
h 4.0 4.0 4.0 4.0
c 0.0
Aa 0.0 0.0 0.0 0.0
Ab 0.0 0.0 0.0 0.0
Ad 0.0 0.0 0.0 0.0
Ag 0.0 0.0 0.0 0.0
At 0.0 0.0 0.0 0.0
as 0.0 0.0 0.0 0.0
bs 0.0 0.0 0.0 0.0
ds 0.0 0.0 0.0 0.0
gs 0.0 0.0 0.0 0.0
ts 0.0 0.0 0.0 0.0
eeg 783.010620117 710.631530762 830.715087891 873.484558105
eeg 835.650024414 710.631530762 725.436340332 768.205810547
eeg 888.289367676 763.270874023 725.436340332 768.205810547
eeg 888.289367676 815.91027832 830.715087891 768.205810547
eeg 625.092529297 815.91027832 830.715087891 1084.04199219
eeg 677.731872559 710.631530762 725.436340332 1031.40270996
eeg 677.731872559 710.631530762 725.436340332 873.484558105
eeg 783.010620117 710.631530762 725.436340332 820.845214844
eeg 625.092529297 868.549621582 935.993835449 926.123962402
eeg 835.650024414 657.992126465 830.715087891 873.484558105
eeg 783.010620117 657.992126465 725.436340332 873.484558105
eeg 783.010620117 763.270874023 725.436340332 926.123962402
eeg 835.650024414 763.270874023 725.436340332 715.566467285
eeg 730.371276855 868.549621582 830.715087891 926.123962402
eeg 835.650024414 710.631530762 725.436340332 873.484558105
eeg 835.650024414 657.992126465 620.157592773 820.845214844
eeg 783.010620117 710.631530762 620.157592773 926.123962402
eeg 809.330322266 763.270874023 725.436340332 873.484558105
eeg 861.969726562 763.270874023 725.436340332 794.525512695
eeg 914.609069824 657.992126465 620.157592773 794.525512695
eeg 967.248413086 763.270874023 725.436340332 820.845214844
eeg 809.330322266 710.631530762 725.436340332 820.845214844
a nan nan nan nan
b nan nan nan nan
d nan nan nan nan
g nan nan nan nan
t nan nan nan nan
h 4.0 4.0 4.0 4.0
c 0.0
Aa 0.0 0.0 0.0 0.0
Ab 0.0 0.0 0.0 0.0
Ad 0.0 0.0 0.0 0.0
Ag 0.0 0.0 0.0 0.0
At 0.0 0.0 0.0 0.0
as 0.0 0.0 0.0 0.0
bs 0.0 0.0 0.0 0.0
ds 0.0 0.0 0.0 0.0
gs 0.0 0.0 0.0 0.0
ts 0.0 0.0 0.0 0.0
eeg 730.371276855 763.270874023 830.715087891 978.763305664
eeg 756.690979004 763.270874023 830.715087891 978.763305664
eeg 809.330322266 552.713378906 620.157592773 952.443603516
eeg 914.609069824 710.631530762 725.436340332 873.484558105
eeg 783.010620117 710.631530762 725.436340332 926.123962402
eeg 783.010620117 657.992126465 620.157592773 873.484558105
eeg 835.650024414 657.992126465 620.157592773 768.205810547
eeg 835.650024414 657.992126465 620.157592773 794.525512695
eeg 914.609069824 710.631530762 725.436340332 689.246765137
eeg 914.609069824 763.270874023 830.715087891 794.525512695
eeg 861.969726562 657.992126465 725.436340332 794.525512695
eeg 809.330322266 710.631530762 725.436340332 952.443603516
eeg 914.609069824 605.352783203 567.518188477 768.205810547
eeg 940.928771973 763.270874023 725.436340332 794.525512695
eeg 993.568115234 710.631530762 725.436340332 847.164855957
eeg 809.330322266 763.270874023 830.715087891 952.443603516
eeg 835.650024414 605.352783203 620.157592773 926.123962402
eeg 914.609069824 605.352783203 620.157592773 794.525512695
eeg 914.609069824 815.91027832 830.715087891 794.525512695
eeg 940.928771973 605.352783203 514.878845215 794.525512695
eeg 940.928771973 815.91027832 778.075683594 899.804260254
eeg 809.330322266 763.270874023 725.436340332 899.804260254
a nan nan nan nan
b nan nan nan nan
d nan nan nan nan
g nan nan nan nan
t nan nan nan nan
h 4.0 4.0 4.0 4.0
c 0.0
Aa 0.0 0.0 0.0 0.0
Ab 0.0 0.0 0.0 0.0
Ad 0.0 0.0 0.0 0.0
Ag 0.0 0.0 0.0 0.0
At 0.0 0.0 0.0 0.0
as 0.0 0.0 0.0 0.0
bs 0.0 0.0 0.0 0.0
ds 0.0 0.0 0.0 0.0
gs 0.0 0.0 0.0 0.0
ts 0.0 0.0 0.0 0.0
eeg 835.650024414 710.631530762 672.796936035 952.443603516
eeg 888.289367676 710.631530762 672.796936035 794.525512695
eeg 888.289367676 763.270874023 778.075683594 820.845214844
eeg 914.609069824 710.631530762 778.075683594 847.164855957
eeg 835.650024414 710.631530762 778.075683594 847.164855957
eeg 730.371276855 657.992126465 672.796936035 847.164855957
eeg 730.371276855 657.992126465 672.796936035 741.886108398
eeg 730.371276855 657.992126465 672.796936035 741.886108398
eeg 730.371276855 763.270874023 883.354431152 794.525512695
eeg 730.371276855 657.992126465 883.354431152 794.525512695
eeg 730.371276855 552.713378906 778.075683594 794.525512695
eeg 572.453186035 815.91027832 988.633178711 899.804260254
eeg 625.092529297 657.992126465 883.354431152 899.804260254
eeg 835.650024414 552.713378906 672.796936035 689.246765137
eeg 783.010620117 815.91027832 883.354431152 847.164855957
eeg 783.010620117 552.713378906 672.796936035 847.164855957
eeg 730.371276855 710.631530762 778.075683594 899.804260254
eeg 730.371276855 763.270874023 778.075683594 899.804260254
eeg 835.650024414 710.631530762 778.075683594 794.525512695
eeg 730.371276855 763.270874023 778.075683594 1005.08300781
eeg 835.650024414 657.992126465 672.796936035 952.443603516
eeg 677.731872559 657.992126465 725.436340332 1163.00109863
a nan nan nan nan
b nan nan nan nan
d nan nan nan nan
g nan nan nan nan
t nan nan nan nan
h 4.0 4.0 4.0 4.0
c 0.0
Aa 0.0 0.0 0.0 0.0
Ab 0.0 0.0 0.0 0.0
Ad 0.0 0.0 0.0 0.0
Ag 0.0 0.0 0.0 0.0
At 0.0 0.0 0.0 0.0
as 0.0 0.0 0.0 0.0
bs 0.0 0.0 0.0 0.0
ds 0.0 0.0 0.0 0.0
gs 0.0 0.0 0.0 0.0
ts 0.0 0.0 0.0 0.0
eeg 888.289367676 552.713378906 672.796936035 899.804260254
eeg 993.568115234 710.631530762 883.354431152 847.164855957
eeg 993.568115234 657.992126465 830.715087891 847.164855957
eeg 993.568115234 763.270874023 935.993835449 899.804260254
eeg 783.010620117 763.270874023 935.993835449 1163.00109863
eeg 835.650024414 763.270874023 935.993835449 1110.36169434
eeg 888.289367676 605.352783203 672.796936035 794.525512695
eeg 940.928771973 763.270874023 725.436340332 794.525512695
eeg 940.928771973 763.270874023 725.436340332 741.886108398
eeg 888.289367676 815.91027832 778.075683594 899.804260254
eeg 888.289367676 815.91027832 830.715087891 899.804260254
eeg 783.010620117 815.91027832 830.715087891 899.804260254
eeg 888.289367676 710.631530762 620.157592773 899.804260254
eeg 888.289367676 710.631530762 672.796936035 794.525512695
eeg 888.289367676 815.91027832 830.715087891 952.443603516
eeg 845.519897461 529.683654785 526.393737793 825.780151367
eeg 845.519897461 740.241149902 736.951171875 825.780151367
eeg 898.159240723 713.921447754 736.951171875 773.14074707
eeg 950.79864502 687.601806641 736.951171875 667.861999512
eeg 792.880554199 819.200195312 894.86932373 931.058898926
eeg 898.159240723 634.962402344 736.951171875 878.419494629
eeg 687.601806641 634.962402344 684.311828613 983.698242188
a nan nan nan nan
b nan nan nan nan
d nan nan nan nan
g nan nan nan nan
t nan nan nan nan
h 4.0 4.0 4.0 4.0
c 0.0
Aa 0.0 0.0 0.0 0.0
Ab 0.0 0.0 0.0 0.0
Ad 0.0 0.0 0.0 0.0
Ag 0.0 0.0 0.0 0.0
At 0.0 0.0 0.0 0.0
as 0.0 0.0 0.0 0.0
bs 0.0 0.0 0.0 0.0
ds 0.0 0.0 0.0 0.0
gs 0.0 0.0 0.0 0.0
ts 0.0 0.0 0.0 0.0
eeg 792.880554199 661.282104492 684.311828613 825.780151367
eeg 845.519897461 661.282104492 684.311828613 720.501403809
eeg 898.159240723 661.282104492 684.311828613 720.501403809
eeg 898.159240723 740.241149902 789.590576172 773.14074707
eeg 845.519897461 582.323059082 579.033081055 825.780151367
eeg 845.519897461 687.601806641 684.311828613 825.780151367
eeg 845.519897461 713.921447754 736.951171875 825.780151367
eeg 950.79864502 687.601806641 736.951171875 773.14074707
eeg 845.519897461 687.601806641 684.311828613 878.419494629
eeg 845.519897461 661.282104492 684.311828613 878.419494629
eeg 740.241149902 661.282104492 684.311828613 904.739196777
eeg 687.601806641 661.282104492 684.311828613 931.058898926
eeg 792.880554199 661.282104492 684.311828613 825.780151367
eeg 740.241149902 661.282104492 736.951171875 825.780151367
eeg 740.241149902 661.282104492 684.311828613 904.739196777
eeg 477.044311523 871.839599609 947.508666992 1167.93603516
eeg 529.683654785 766.560852051 789.590576172 1194.2557373
eeg 845.519897461 556.003356934 421.114959717 720.501403809
eeg 845.519897461 977.118347168 894.86932373 799.460449219
eeg 792.880554199 661.282104492 579.033081055 799.460449219
eeg 792.880554199 766.560852051 736.951171875 878.419494629
eeg 687.601806641 766.560852051 684.311828613 852.09979248
a nan nan nan nan
b nan nan nan nan
d nan nan nan nan
g nan nan nan nan
t nan nan nan nan
h 4.0 4.0 4.0 4.0
c 0.0
Aa 0.0 0.0 0.0 0.0
Ab 0.0 0.0 0.0 0.0
Ad 0.0 0.0 0.0 0.0
Ag 0.0 0.0 0.0 0.0
At 0.0 0.0 0.0 0.0
as 0.0 0.0 0.0 0.0
bs 0.0 0.0 0.0 0.0
ds 0.0 0.0 0.0 0.0
gs 0.0 0.0 0.0 0.0
ts 0.0 0.0 0.0 0.0
eeg 740.241149902 766.560852051 736.951171875 852.09979248
eeg 529.683654785 977.118347168 1105.42675781 1668.01000977
eeg 740.241149902 556.003356934 631.672424316 1668.01000977
eeg 740.241149902 661.282104492 631.672424316 1299.53442383
eeg 792.880554199 608.642700195 579.033081055 1088.97692871
eeg 845.519897461 608.642700195 579.033081055 667.861999512
eeg 898.159240723 608.642700195 579.033081055 457.304534912
eeg 898.159240723 766.560852051 789.590576172 878.419494629
eeg 687.601806641 661.282104492 684.311828613 1088.97692871
eeg 845.519897461 661.282104492 684.311828613 1088.97692871
eeg 792.880554199 661.282104492 684.311828613 667.861999512
eeg 845.519897461 713.921447754 736.951171875 878.419494629
eeg 950.79864502 556.003356934 526.393737793 878.419494629
eeg 845.519897461 924.478942871 894.86932373 1510.09191895
eeg 792.880554199 713.921447754 736.951171875 1299.53442383
eeg 792.880554199 556.003356934 526.393737793 1088.97692871
eeg 792.880554199 713.921447754 684.311828613 1510.09191895
eeg 792.880554199 713.921447754 736.951171875 1510.09191895
eeg 898.159240723 661.282104492 684.311828613 1299.53442383
eeg 792.880554199 608.642700195 579.033081055 1299.53442383
eeg 845.519897461 819.200195312 684.311828613 1682.81494141
eeg 792.880554199 819.200195312 579.033081055 1366.9786377
a nan nan nan nan
b nan nan nan nan
d nan nan nan nan
g nan nan nan nan
t nan nan nan nan
h 4.0 4.0 4.0 4.0
c 0.0
Aa 0.0 0.0 0.0 0.0
Ab 0.0 0.0 0.0 0.0
Ad 0.0 0.0 0.0 0.0
Ag 0.0 0.0 0.0 0.0
At 0.0 0.0 0.0 0.0
as 0.0 0.0 0.0 0.0
bs 0.0 0.0 0.0 0.0
ds 0.0 0.0 0.0 0.0
gs 0.0 0.0 0.0 0.0
ts 0.0 0.0 0.0 0.0
eeg 845.519897461 924.478942871 684.311828613 945.863708496
eeg 792.880554199 924.478942871 789.590576172 1682.81494141
eeg 950.79864502 608.642700195 473.754333496 1577.53613281
eeg 792.880554199 819.200195312 684.311828613 1577.53613281
eeg 792.880554199 819.200195312 684.311828613 1577.53613281
eeg 845.519897461 819.200195312 684.311828613 1577.53613281
eeg 845.519897461 713.921447754 579.033081055 1577.53613281
eeg 1003.43798828 713.921447754 579.033081055 1366.9786377
eeg 845.519897461 713.921447754 684.311828613 1366.9786377
eeg 898.159240723 713.921447754 684.311828613 1577.53613281
eeg 898.159240723 713.921447754 684.311828613 1472.25744629
eeg 898.159240723 819.200195312 789.590576172 1366.9786377
eeg 898.159240723 608.642700195 579.033081055 945.863708496
eeg 898.159240723 819.200195312 789.590576172 1472.25744629
eeg 792.880554199 713.921447754 736.951171875 1472.25744629
eeg 845.519897461 556.003356934 579.033081055 1156.42114258
eeg 898.159240723 608.642700195 579.033081055 1261.69995117
eeg 924.478942871 661.282104492 684.311828613 1366.9786377
eeg 977.118347168 661.282104492 684.311828613 945.863708496
eeg 687.601806641 766.560852051 842.229919434 1577.53613281
eeg 819.200195312 503.363983154 526.393737793 1472.25744629
eeg 871.839599609 503.363983154 473.754333496 1051.14245605
a nan nan nan nan
b nan nan nan nan
d nan nan nan nan
g nan nan nan nan
t nan nan nan nan
h 4.0 4.0 4.0 4.0
c 0.0
Aa 0.0 0.0 0.0 0.0
Ab 0.0 0.0 0.0 0.0
Ad 0.0 0.0 0.0 0.0
Ag 0.0 0.0 0.0 0.0
At 0.0 0.0 0.0 0.0
as 0.0 0.0 0.0 0.0
bs 0.0 0.0 0.0 0.0
ds 0.0 0.0 0.0 0.0
gs 0.0 0.0 0.0 0.0
ts 0.0 0.0 0.0 0.0
eeg 871.839599609 713.921447754 684.311828613 630.02746582
eeg 898.159240723 661.282104492 684.311828613 945.863708496
eeg 898.159240723 713.921447754 736.951171875 1156.42114258
eeg 740.241149902 608.642700195 631.672424316 1261.69995117
eeg 792.880554199 608.642700195 579.033081055 1156.42114258
eeg 819.200195312 608.642700195 579.033081055 945.863708496
eeg 819.200195312 766.560852051 789.590576172 1156.42114258
eeg 924.478942871 661.282104492 684.311828613 1156.42114258
eeg 766.560852051 556.003356934 579.033081055 840.584960938
eeg 713.921447754 556.003356934 736.951171875 1156.42114258
eeg 713.921447754 450.724609375 736.951171875 1156.42114258
eeg 766.560852051 556.003356934 894.86932373 1472.25744629
eeg 608.642700195 556.003356934 842.229919434 1472.25744629
eeg 871.839599609 345.445861816 526.393737793 1051.14245605
eeg 713.921447754 450.724609375 579.033081055 1051.14245605
eeg 661.282104492 661.282104492 894.86932373 1051.14245605
eeg 661.282104492 556.003356934 842.229919434 1366.9786377
eeg 713.921447754 450.724609375 631.672424316 1051.14245605
eeg 871.839599609 556.003356934 684.311828613 1051.14245605
eeg 871.839599609 556.003356934 631.672424316 1051.14245605
eeg 871.839599609 661.282104492 736.951171875 1261.69995117
eeg 871.839599609 661.282104492 736.951171875 1366.9786377
a nan nan nan nan
b nan nan nan nan
d nan nan nan nan
g nan nan nan nan
t nan nan nan nan
h 4.0 4.0 4.0 4.0
c 0.0
Aa 0.0 0.0 0.0 0.0
Ab 0.0 0.0 0.0 0.0
Ad 0.0 0.0 0.0 0.0
Ag 0.0 0.0 0.0 0.0
At 0.0 0.0 0.0 0.0
as 0.0 0.0 0.0 0.0
bs 0.0 0.0 0.0 0.0
ds 0.0 0.0 0.0 0.0
gs 0.0 0.0 0.0 0.0
ts 0.0 0.0 0.0 0.0
eeg 871.839599609 661.282104492 736.951171875 1472.25744629
eeg 924.478942871 556.003356934 526.393737793 1156.42114258
eeg 950.79864502 766.560852051 789.590576172 1366.9786377
eeg 792.880554199 713.921447754 789.590576172 1577.53613281
eeg 845.519897461 608.642700195 579.033081055 1366.9786377
eeg 898.159240723 661.282104492 631.672424316 1366.9786377
eeg 898.159240723 713.921447754 736.951171875 1366.9786377
eeg 950.79864502 608.642700195 631.672424316 1051.14245605
eeg 871.839599609 713.921447754 789.590576172 1261.69995117
eeg 845.519897461 608.642700195 631.672424316 1366.9786377
eeg 845.519897461 608.642700195 579.033081055 1261.69995117
eeg 871.839599609 661.282104492 631.672424316 1366.9786377
eeg 871.839599609 556.003356934 579.033081055 1051.14245605
eeg 924.478942871 766.560852051 789.590576172 1261.69995117
eeg 766.560852051 661.282104492 736.951171875 1366.9786377
eeg 766.560852051 661.282104492 736.951171875 1577.53613281
eeg 845.519897461 661.282104492 684.311828613 1261.69995117
eeg 871.839599609 661.282104492 684.311828613 1261.69995117
eeg 924.478942871 713.921447754 631.672424316 1051.14245605
eeg 766.560852051 924.478942871 894.86932373 1261.69995117
eeg 766.560852051 713.921447754 631.672424316 1261.69995117
eeg 819.200195312 766.560852051 684.311828613 1261.69995117
a nan nan nan nan
b nan nan nan nan
d nan nan nan nan
g nan nan nan nan
t nan nan nan nan
h 4.0 4.0 4.0 4.0
c 0.0
Aa 0.0 0.0 0.0 0.0
Ab 0.0 0.0 0.0 0.0
Ad 0.0 0.0 0.0 0.0
Ag 0.0 0.0 0.0 0.0
At 0.0 0.0 0.0 0.0
as 0.0 0.0 0.0 0.0
bs 0.0 0.0 0.0 0.0
ds 0.0 0.0 0.0 0.0
gs 0.0 0.0 0.0 0.0
ts 0.0 0.0 0.0 0.0
eeg 871.839599609 766.560852051 684.311828613 1261.69995117
eeg 871.839599609 766.560852051 684.311828613 1472.25744629
eeg 871.839599609 713.921447754 579.033081055 1261.69995117
eeg 740.241149902 819.200195312 736.951171875 1472.25744629
eeg 740.241149902 713.921447754 631.672424316 1472.25744629
eeg 819.200195312 713.921447754 631.672424316 1051.14245605
eeg 845.519897461 819.200195312 789.590576172 1261.69995117
eeg 898.159240723 661.282104492 631.672424316 1261.69995117
eeg 819.200195312 661.282104492 579.033081055 1051.14245605
eeg 766.560852051 766.560852051 736.951171875 1261.69995117
eeg 792.880554199 713.921447754 684.311828613 1261.69995117
eeg 871.839599609 661.282104492 631.672424316 1051.14245605
eeg 848.809875488 679.37689209 682.666870117 1052.78747559
eeg 901.44921875 574.098144531 682.666870117 1263.34484863
eeg 901.44921875 363.540649414 577.388122559 1052.78747559
eeg 690.891723633 679.37689209 998.503051758 1052.78747559
eeg 743.53112793 574.098144531 893.224304199 1579.18115234
eeg 848.809875488 363.540649414 682.666870117 1263.34484863
eeg 848.809875488 679.37689209 998.503051758 1263.34484863
eeg 796.170471191 574.098144531 893.224304199 1263.34484863
eeg 796.170471191 574.098144531 893.224304199 1368.62365723
eeg 901.44921875 468.819396973 787.945556641 1263.34484863
a nan nan nan nan
b nan nan nan nan
d nan nan nan nan
g nan nan nan nan
t nan nan nan nan
h 4.0 4.0 4.0 4.0
c 0.0
Aa 0.0 0.0 0.0 0.0
Ab 0.0 0.0 0.0 0.0
Ad 0.0 0.0 0.0 0.0
Ag 0.0 0.0 0.0 0.0
At 0.0 0.0 0.0 0.0
as 0.0 0.0 0.0 0.0
bs 0.0 0.0 0.0 0.0
ds 0.0 0.0 0.0 0.0
gs 0.0 0.0 0.0 0.0
ts 0.0 0.0 0.0 0.0
eeg 901.44921875 679.37689209 893.224304199 1158.06616211
eeg 901.44921875 679.37689209 893.224304199 1158.06616211
eeg 848.809875488 784.655639648 998.503051758 1158.06616211
eeg 638.252380371 784.655639648 998.503051758 1473.90234375
eeg 848.809875488 574.098144531 682.666870117 1682.81494141
eeg 848.809875488 784.655639648 787.945556641 1156.42114258
eeg 901.44921875 784.655639648 787.945556641 1261.69995117
eeg 901.44921875 784.655639648 840.584960938 1682.81494141
eeg 743.53112793 732.016235352 787.945556641 1682.81494141
eeg 743.53112793 679.37689209 682.666870117 1366.9786377
eeg 796.170471191 732.016235352 735.306213379 1472.25744629
eeg 848.809875488 732.016235352 787.945556641 1051.14245605
eeg 690.891723633 837.29498291 945.863708496 1472.25744629
eeg 848.809875488 574.098144531 630.02746582 1366.9786377
eeg 848.809875488 574.098144531 524.748718262 1261.69995117
eeg 690.891723633 837.29498291 787.945556641 945.863708496
eeg 901.44921875 732.016235352 787.945556641 1261.69995117
eeg 796.170471191 784.655639648 840.584960938 1261.69995117
eeg 848.809875488 784.655639648 840.584960938 1261.69995117
eeg 796.170471191 732.016235352 735.306213379 1366.9786377
eeg 796.170471191 732.016235352 682.666870117 1261.69995117
eeg 848.809875488 784.655639648 787.945556641 1366.9786377
a nan nan nan nan
b nan nan nan nan
d nan nan nan nan
g nan nan nan nan
t nan nan nan nan
h 4.0 4.0 4.0 4.0
c 0.0
Aa 0.0 0.0 0.0 0.0
Ab 0.0 0.0 0.0 0.0
Ad 0.0 0.0 0.0 0.0
Ag 0.0 0.0 0.0 0.0
At 0.0 0.0 0.0 0.0
as 0.0 0.0 0.0 0.0
bs 0.0 0.0 0.0 0.0
ds 0.0 0.0 0.0 0.0
gs 0.0 0.0 0.0 0.0
ts 0.0 0.0 0.0 0.0
eeg 901.44921875 784.655639648 840.584960938 1682.81494141
eeg 690.891723633 732.016235352 840.584960938 1577.53613281
eeg 954.088623047 468.819396973 630.02746582 1261.69995117
eeg 954.088623047 468.819396973 630.02746582 1261.69995117
eeg 954.088623047 468.819396973 630.02746582 735.306213379
eeg 1164.64611816 468.819396973 630.02746582 945.863708496
eeg 1006.72796631 732.016235352 945.863708496 1051.14245605
eeg 1006.72796631 468.819396973 735.306213379 945.863708496
eeg 901.44921875 679.37689209 945.863708496 1261.69995117
eeg 901.44921875 574.098144531 840.584960938 1261.69995117
eeg 954.088623047 468.819396973 735.306213379 1156.42114258
eeg 1006.72796631 679.37689209 840.584960938 1261.69995117
eeg 848.809875488 679.37689209 840.584960938 1261.69995117
eeg 901.44921875 521.458740234 630.02746582 1156.42114258
eeg 901.44921875 626.737487793 735.306213379 1156.42114258
eeg 796.170471191 679.37689209 735.306213379 735.306213379
eeg 1006.72796631 679.37689209 735.306213379 1051.14245605
eeg 796.170471191 732.016235352 735.306213379 1156.42114258
eeg 796.170471191 574.098144531 524.748718262 1366.9786377
eeg 848.809875488 521.458740234 419.470001221 1051.14245605
eeg 743.53112793 679.37689209 524.748718262 1051.14245605
eeg 743.53112793 784.655639648 630.02746582 1156.42114258
a nan nan nan nan
b nan nan nan nan
d nan nan nan nan
g nan nan nan nan
t nan nan nan nan
h 4.0 4.0 4.0 4.0
c 0.0
Aa 0.0 0.0 0.0 0.0
Ab 0.0 0.0 0.0 0.0
Ad 0.0 0.0 0.0 0.0
Ag 0.0 0.0 0.0 0.0
At 0.0 0.0 0.0 0.0
as 0.0 0.0 0.0 0.0
bs 0.0 0.0 0.0 0.0
ds 0.0 0.0 0.0 0.0
gs 0.0 0.0 0.0 0.0
ts 0.0 0.0 0.0 0.0
eeg 848.809875488 626.737487793 524.748718262 735.306213379
eeg 638.252380371 784.655639648 630.02746582 735.306213379
eeg 796.170471191 574.098144531 419.470001221 945.863708496
eeg 743.53112793 626.737487793 419.470001221 1051.14245605
eeg 743.53112793 626.737487793 419.470001221 1051.14245605
eeg 954.088623047 626.737487793 419.470001221 1051.14245605
eeg 848.809875488 837.29498291 735.306213379 1051.14245605
eeg 848.809875488 679.37689209 630.02746582 1472.25744629
eeg 848.809875488 679.37689209 630.02746582 1577.53613281
eeg 796.170471191 679.37689209 630.02746582 1156.42114258
eeg 954.088623047 679.37689209 630.02746582 1261.69995117
eeg 927.768920898 732.016235352 735.306213379 840.584960938
eeg 822.49017334 837.29498291 893.224304199 1051.14245605
eeg 822.49017334 679.37689209 735.306213379 1156.42114258
eeg 769.850830078 784.655639648 787.945556641 1156.42114258
eeg 769.850830078 784.655639648 787.945556641 1261.69995117
eeg 901.44921875 784.655639648 787.945556641 1577.53613281
eeg 875.129516602 732.016235352 735.306213379 1261.69995117
eeg 848.809875488 784.655639648 787.945556641 1682.81494141
eeg 664.57208252 784.655639648 840.584960938 1577.53613281
eeg 717.211425781 626.737487793 682.666870117 1261.69995117
eeg 822.49017334 679.37689209 682.666870117 1472.25744629
a nan nan nan nan
b nan nan nan nan
d nan nan nan nan
g nan nan nan nan
t nan nan nan nan
h 4.0 4.0 4.0 4.0
c 0.0
Aa 0.0 0.0 0.0 0.0
Ab 0.0 0.0 0.0 0.0
Ad 0.0 0.0 0.0 0.0
Ag 0.0 0.0 0.0 0.0
At 0.0 0.0 0.0 0.0
as 0.0 0.0 0.0 0.0
bs 0.0 0.0 0.0 0.0
ds 0.0 0.0 0.0 0.0
gs 0.0 0.0 0.0 0.0
ts 0.0 0.0 0.0 0.0
eeg 901.44921875 679.37689209 682.666870117 945.863708496
eeg 901.44921875 626.737487793 577.388122559 945.863708496
eeg 796.170471191 837.29498291 840.584960938 1156.42114258
eeg 796.170471191 732.016235352 787.945556641 1156.42114258
eeg 769.850830078 732.016235352 787.945556641 1156.42114258
eeg 664.57208252 679.37689209 893.224304199 1261.69995117
eeg 927.768920898 416.180023193 577.388122559 1051.14245605
eeg 769.850830078 626.737487793 682.666870117 1051.14245605
eeg 769.850830078 626.737487793 682.666870117 840.584960938
eeg 769.850830078 679.37689209 787.945556641 1261.69995117
eeg 769.850830078 679.37689209 787.945556641 1261.69995117
eeg 875.129516602 521.458740234 577.388122559 1261.69995117
eeg 769.850830078 732.016235352 787.945556641 1366.9786377
eeg 769.850830078 521.458740234 577.388122559 1156.42114258
eeg 875.129516602 521.458740234 472.109344482 1156.42114258
eeg 769.850830078 784.655639648 682.666870117 1051.14245605
eeg 875.129516602 626.737487793 577.388122559 1051.14245605
eeg 875.129516602 784.655639648 682.666870117 1051.14245605
eeg 769.850830078 784.655639648 682.666870117 1156.42114258
eeg 769.850830078 732.016235352 682.666870117 1472.25744629
eeg 769.850830078 732.016235352 682.666870117 1261.69995117
eeg 717.211425781 732.016235352 735.306213379 1261.69995117
a nan nan nan nan
b nan nan nan nan
d nan nan nan nan
g nan nan nan nan
t nan nan nan nan
h 4.0 4.0 4.0 4.0
c 0.0
Aa 0.0 0.0 0.0 0.0
Ab 0.0 0.0 0.0 0.0
Ad 0.0 0.0 0.0 0.0
Ag 0.0 0.0 0.0 0.0
At 0.0 0.0 0.0 0.0
as 0.0 0.0 0.0 0.0
bs 0.0 0.0 0.0 0.0
ds 0.0 0.0 0.0 0.0
gs 0.0 0.0 0.0 0.0
ts 0.0 0.0 0.0 0.0
eeg 822.49017334 679.37689209 630.02746582 1366.9786377
eeg 611.932678223 732.016235352 682.666870117 1051.14245605
eeg 717.211425781 679.37689209 630.02746582 1156.42114258
eeg 769.850830078 626.737487793 577.388122559 1156.42114258
eeg 769.850830078 889.934387207 893.224304199 945.863708496
eeg 769.850830078 626.737487793 682.666870117 1156.42114258
eeg 875.129516602 679.37689209 682.666870117 1051.14245605
eeg 769.850830078 574.098144531 524.748718262 1051.14245605
eeg 769.850830078 732.016235352 735.306213379 945.863708496
eeg 769.850830078 679.37689209 735.306213379 1261.69995117
eeg 717.211425781 837.29498291 945.863708496 1261.69995117
eeg 822.49017334 679.37689209 787.945556641 1261.69995117
eeg 822.49017334 574.098144531 577.388122559 945.863708496
eeg 769.850830078 784.655639648 787.945556641 1051.14245605
eeg 769.850830078 784.655639648 840.584960938 1156.42114258
