eeg 822.49017334 679.37689209 735.306213379 1209.06054688
eeg 927.768920898 679.37689209 735.306213379 1051.14245605
eeg 927.768920898 784.655639648 840.584960938 1051.14245605
eeg 822.49017334 679.37689209 735.306213379 1103.78186035
eeg 717.211425781 784.655639648 840.584960938 1103.78186035
eeg 717.211425781 679.37689209 735.306213379 1156.42114258
eeg 927.768920898 574.098144531 524.748718262 1103.78186035
a nan nan nan nan
b nan nan nan nan
d nan nan nan nan
g nan nan nan nan
t nan nan nan nan
h 4.0 4.0 4.0 4.0
c 0.0
Aa 0.0 0.0 0.0 0.0
Ab 0.0 0.0 0.0 0.0
Ad 0.0 0.0 0.0 0.0
Ag 0.0 0.0 0.0 0.0
At 0.0 0.0 0.0 0.0
as 0.0 0.0 0.0 0.0
bs 0.0 0.0 0.0 0.0
ds 0.0 0.0 0.0 0.0
gs 0.0 0.0 0.0 0.0
ts 0.0 0.0 0.0 0.0
eeg 927.768920898 889.934387207 945.863708496 1472.25744629
eeg 664.57208252 784.655639648 840.584960938 1472.25744629
eeg 769.850830078 679.37689209 630.02746582 1103.78186035
eeg 769.850830078 679.37689209 630.02746582 1051.14245605
eeg 822.49017334 784.655639648 735.306213379 840.584960938
eeg 980.40826416 679.37689209 630.02746582 840.584960938
eeg 875.129516602 889.934387207 840.584960938 998.503051758
eeg 875.129516602 679.37689209 630.02746582 840.584960938
eeg 822.49017334 784.655639648 735.306213379 787.945556641
eeg 850.454833984 746.821105957 840.584960938 1243.60510254
eeg 850.454833984 641.542358398 840.584960938 1243.60510254
eeg 955.733581543 746.821105957 945.863708496 1664.72009277
eeg 955.733581543 536.26361084 630.02746582 1243.60510254
eeg 850.454833984 799.460449219 840.584960938 1243.60510254
eeg 850.454833984 746.821105957 840.584960938 1243.60510254
eeg 876.774536133 746.821105957 840.584960938 822.49017334
eeg 903.094238281 799.460449219 840.584960938 1138.32641602
eeg 929.413879395 641.542358398 630.02746582 1033.04760742
eeg 797.815490723 852.09979248 840.584960938 1243.60510254
eeg 824.135131836 588.902954102 524.748718262 1138.32641602
eeg 850.454833984 746.821105957 735.306213379 1138.32641602
eeg 876.774536133 746.821105957 735.306213379 1138.32641602
a nan nan nan nan
b nan nan nan nan
d nan nan nan nan
g nan nan nan nan
t nan nan nan nan
h 4.0 4.0 4.0 4.0
c 0.0
Aa 0.0 0.0 0.0 0.0
Ab 0.0 0.0 0.0 0.0
Ad 0.0 0.0 0.0 0.0
Ag 0.0 0.0 0.0 0.0
At 0.0 0.0 0.0 0.0
as 0.0 0.0 0.0 0.0
bs 0.0 0.0 0.0 0.0
ds 0.0 0.0 0.0 0.0
gs 0.0 0.0 0.0 0.0
ts 0.0 0.0 0.0 0.0
eeg 929.413879395 641.542358398 630.02746582 1138.32641602
eeg 850.454833984 641.542358398 630.02746582 1033.04760742
eeg 797.815490723 746.821105957 735.306213379 1138.32641602
eeg 824.135131836 694.18170166 735.306213379 1138.32641602
eeg 876.774536133 641.542358398 630.02746582 1138.32641602
eeg 929.413879395 667.861999512 630.02746582 1085.68701172
eeg 929.413879395 641.542358398 577.388122559 1033.04760742
eeg 824.135131836 615.22265625 524.748718262 1033.04760742
eeg 771.495788574 773.14074707 735.306213379 1033.04760742
eeg 824.135131836 641.542358398 630.02746582 1348.88391113
eeg 876.774536133 483.624206543 419.470001221 1085.68701172
eeg 876.774536133 641.542358398 472.109344482 1138.32641602
eeg 824.135131836 588.902954102 472.109344482 927.768920898
eeg 771.495788574 720.501403809 630.02746582 1085.68701172
eeg 824.135131836 667.861999512 630.02746582 1138.32641602
eeg 824.135131836 641.542358398 577.388122559 1138.32641602
eeg 824.135131836 641.542358398 577.388122559 1033.04760742
eeg 876.774536133 720.501403809 682.666870117 980.40826416
eeg 771.495788574 694.18170166 682.666870117 1085.68701172
eeg 771.495788574 667.861999512 630.02746582 980.40826416
eeg 876.774536133 720.501403809 735.306213379 1085.68701172
eeg 929.413879395 720.501403809 787.945556641 980.40826416
a nan nan nan nan
b nan nan nan nan
d nan nan nan nan
g nan nan nan nan
t nan nan nan nan
h 4.0 4.0 4.0 4.0
c 0.0
Aa 0.0 0.0 0.0 0.0
Ab 0.0 0.0 0.0 0.0
Ad 0.0 0.0 0.0 0.0
Ag 0.0 0.0 0.0 0.0
At 0.0 0.0 0.0 0.0
as 0.0 0.0 0.0 0.0
bs 0.0 0.0 0.0 0.0
ds 0.0 0.0 0.0 0.0
gs 0.0 0.0 0.0 0.0
ts 0.0 0.0 0.0 0.0
eeg 929.413879395 773.14074707 840.584960938 1190.96582031
eeg 824.135131836 720.501403809 735.306213379 980.40826416
eeg 771.495788574 773.14074707 787.945556641 1085.68701172
eeg 824.135131836 773.14074707 787.945556641 1085.68701172
eeg 824.135131836 878.419494629 945.863708496 1085.68701172
eeg 613.577697754 878.419494629 945.863708496 1190.96582031
eeg 876.774536133 457.304534912 419.470001221 980.40826416
eeg 876.774536133 720.501403809 682.666870117 1085.68701172
eeg 718.856384277 825.780151367 840.584960938 875.129516602
eeg 876.774536133 720.501403809 787.945556641 1085.68701172
eeg 771.495788574 773.14074707 840.584960938 980.40826416
eeg 824.135131836 667.861999512 682.666870117 1296.24450684
eeg 824.135131836 667.861999512 630.02746582 1085.68701172
eeg 771.495788574 720.501403809 682.666870117 1190.96582031
eeg 745.176086426 720.501403809 735.306213379 1243.60510254
eeg 797.815490723 562.583251953 682.666870117 1348.88391113
eeg 797.815490723 509.943908691 630.02746582 1033.04760742
eeg 824.135131836 615.22265625 735.306213379 1033.04760742
eeg 692.536743164 562.583251953 735.306213379 1033.04760742
eeg 587.257995605 667.861999512 893.224304199 1033.04760742
eeg 587.257995605 615.22265625 840.584960938 1243.60510254
eeg 929.413879395 299.386413574 419.470001221 980.40826416
a nan nan nan nan
b nan nan nan nan
d nan nan nan nan
g nan nan nan nan
t nan nan nan nan
h 4.0 4.0 4.0 4.0
c 0.0
Aa 0.0 0.0 0.0 0.0
Ab 0.0 0.0 0.0 0.0
Ad 0.0 0.0 0.0 0.0
Ag 0.0 0.0 0.0 0.0
At 0.0 0.0 0.0 0.0
as 0.0 0.0 0.0 0.0
bs 0.0 0.0 0.0 0.0
ds 0.0 0.0 0.0 0.0
gs 0.0 0.0 0.0 0.0
ts 0.0 0.0 0.0 0.0
eeg 824.135131836 720.501403809 787.945556641 980.40826416
eeg 824.135131836 667.861999512 787.945556641 822.49017334
eeg 745.176086426 667.861999512 840.584960938 1085.68701172
eeg 718.856384277 667.861999512 840.584960938 1033.04760742
eeg 876.774536133 615.22265625 735.306213379 1085.68701172
eeg 876.774536133 615.22265625 682.666870117 927.768920898
eeg 876.774536133 720.501403809 787.945556641 927.768920898
eeg 745.176086426 720.501403809 787.945556641 1033.04760742
eeg 692.536743164 615.22265625 682.666870117 875.129516602
eeg 797.815490723 773.14074707 893.224304199 980.40826416
eeg 797.815490723 773.14074707 998.503051758 875.129516602
eeg 797.815490723 773.14074707 1103.78186035 875.129516602
eeg 639.897338867 773.14074707 1103.78186035 822.49017334
eeg 639.897338867 562.583251953 787.945556641 1085.68701172
eeg 745.176086426 615.22265625 787.945556641 1033.04760742
eeg 745.176086426 720.501403809 893.224304199 980.40826416
eeg 639.897338867 720.501403809 893.224304199 980.40826416
eeg 745.176086426 615.22265625 787.945556641 875.129516602
eeg 692.536743164 615.22265625 787.945556641 1033.04760742
eeg 639.897338867 773.14074707 893.224304199 1033.04760742
eeg 639.897338867 667.861999512 787.945556641 1033.04760742
eeg 903.094238281 562.583251953 682.666870117 927.768920898
a nan nan nan nan
b nan nan nan nan
d nan nan nan nan
g nan nan nan nan
t nan nan nan nan
h 4.0 4.0 4.0 4.0
c 0.0
Aa 0.0 0.0 0.0 0.0
Ab 0.0 0.0 0.0 0.0
Ad 0.0 0.0 0.0 0.0
Ag 0.0 0.0 0.0 0.0
At 0.0 0.0 0.0 0.0
as 0.0 0.0 0.0 0.0
bs 0.0 0.0 0.0 0.0
ds 0.0 0.0 0.0 0.0
gs 0.0 0.0 0.0 0.0
ts 0.0 0.0 0.0 0.0
eeg 797.815490723 667.861999512 682.666870117 1033.04760742
eeg 745.176086426 773.14074707 787.945556641 1033.04760742
eeg 745.176086426 615.22265625 682.666870117 1138.32641602
eeg 745.176086426 667.861999512 735.306213379 1138.32641602
eeg 903.094238281 615.22265625 682.666870117 1190.96582031
eeg 955.733581543 457.304534912 472.109344482 980.40826416
eeg 824.135131836 773.14074707 787.945556641 980.40826416
eeg 771.495788574 667.861999512 787.945556641 980.40826416
eeg 745.176086426 667.861999512 787.945556641 980.40826416
eeg 771.495788574 667.861999512 735.306213379 1085.68701172
eeg 876.774536133 615.22265625 682.666870117 927.768920898
eeg 824.135131836 667.861999512 682.666870117 1085.68701172
eeg 850.454833984 509.943908691 472.109344482 875.129516602
eeg 745.176086426 825.780151367 840.584960938 1138.32641602
eeg 771.495788574 720.501403809 735.306213379 1138.32641602
eeg 876.774536133 720.501403809 735.306213379 1243.60510254
eeg 850.454833984 667.861999512 630.02746582 927.768920898
eeg 850.454833984 720.501403809 682.666870117 927.768920898
eeg 784.655639648 773.14074707 735.306213379 1033.04760742
eeg 758.3359375 667.861999512 630.02746582 1033.04760742
eeg 903.094238281 773.14074707 787.945556641 1138.32641602
eeg 870.194580078 773.14074707 787.945556641 1033.04760742
a nan nan nan nan
b nan nan nan nan
d nan nan nan nan
g nan nan nan nan
t nan nan nan nan
h 4.0 4.0 4.0 4.0
c 0.0
Aa 0.0 0.0 0.0 0.0
Ab 0.0 0.0 0.0 0.0
Ad 0.0 0.0 0.0 0.0
Ag 0.0 0.0 0.0 0.0
At 0.0 0.0 0.0 0.0
as 0.0 0.0 0.0 0.0
bs 0.0 0.0 0.0 0.0
ds 0.0 0.0 0.0 0.0
gs 0.0 0.0 0.0 0.0
ts 0.0 0.0 0.0 0.0
eeg 850.454833984 773.14074707 787.945556641 1138.32641602
eeg 732.016235352 878.419494629 893.224304199 1348.88391113
eeg 745.176086426 667.861999512 630.02746582 1243.60510254
eeg 850.454833984 720.501403809 682.666870117 1243.60510254
eeg 909.674133301 720.501403809 682.666870117 1243.60510254
eeg 830.715087891 667.861999512 630.02746582 927.768920898
eeg 824.135131836 720.501403809 682.666870117 1033.04760742
eeg 784.655639648 667.861999512 630.02746582 1033.04760742
eeg 751.75604248 667.861999512 630.02746582 1033.04760742
eeg 909.674133301 720.501403809 682.666870117 1138.32641602
eeg 870.194580078 720.501403809 735.306213379 1033.04760742
eeg 843.874938965 667.861999512 682.666870117 1138.32641602
eeg 791.235534668 720.501403809 787.945556641 980.40826416
eeg 738.596191406 773.14074707 893.224304199 1190.96582031
eeg 843.874938965 667.861999512 893.224304199 1138.32641602
eeg 843.874938965 878.419494629 1209.06054688 1033.04760742
eeg 633.317443848 931.058898926 1314.3392334 1033.04760742
eeg 738.596191406 562.583251953 893.224304199 1033.04760742
eeg 685.956787109 773.14074707 1103.78186035 1033.04760742
eeg 685.956787109 773.14074707 1103.78186035 1033.04760742
eeg 580.678039551 825.780151367 1103.78186035 1138.32641602
eeg 896.514282227 509.943908691 682.666870117 980.40826416
a nan nan nan nan
b nan nan nan nan
d nan nan nan nan
g nan nan nan nan
t nan nan nan nan
h 4.0 4.0 4.0 4.0
c 0.0
Aa 0.0 0.0 0.0 0.0
Ab 0.0 0.0 0.0 0.0
Ad 0.0 0.0 0.0 0.0
Ag 0.0 0.0 0.0 0.0
At 0.0 0.0 0.0 0.0
as 0.0 0.0 0.0 0.0
bs 0.0 0.0 0.0 0.0
ds 0.0 0.0 0.0 0.0
gs 0.0 0.0 0.0 0.0
ts 0.0 0.0 0.0 0.0
eeg 738.596191406 773.14074707 893.224304199 980.40826416
eeg 738.596191406 773.14074707 893.224304199 875.129516602
eeg 738.596191406 773.14074707 893.224304199 1190.96582031
eeg 685.956787109 773.14074707 893.224304199 1085.68701172
eeg 843.874938965 562.583251953 577.388122559 1085.68701172
eeg 738.596191406 720.501403809 682.666870117 927.768920898
eeg 810.975280762 707.341552734 725.436340332 926.123962402
eeg 784.655639648 654.702148438 778.075683594 1136.68139648
eeg 784.655639648 602.062805176 672.796936035 1189.32080078
eeg 942.573730469 602.062805176 620.157592773 1136.68139648
eeg 837.29498291 812.620300293 830.715087891 978.763305664
eeg 784.655639648 707.341552734 778.075683594 978.763305664
eeg 784.655639648 759.980895996 830.715087891 978.763305664
eeg 784.655639648 654.702148438 620.157592773 1241.96020508
eeg 810.975280762 654.702148438 620.157592773 1136.68139648
eeg 889.934387207 707.341552734 620.157592773 1136.68139648
eeg 705.696594238 707.341552734 620.157592773 978.763305664
eeg 758.3359375 759.980895996 725.436340332 978.763305664
eeg 758.3359375 654.702148438 620.157592773 1031.40270996
eeg 758.3359375 654.702148438 620.157592773 978.763305664
eeg 889.934387207 707.341552734 672.796936035 1031.40270996
eeg 863.614685059 707.341552734 725.436340332 873.484558105
a nan nan nan nan
b nan nan nan nan
d nan nan nan nan
g nan nan nan nan
t nan nan nan nan
h 4.0 4.0 4.0 4.0
c 0.0
Aa 0.0 0.0 0.0 0.0
Ab 0.0 0.0 0.0 0.0
Ad 0.0 0.0 0.0 0.0
Ag 0.0 0.0 0.0 0.0
At 0.0 0.0 0.0 0.0
as 0.0 0.0 0.0 0.0
bs 0.0 0.0 0.0 0.0
ds 0.0 0.0 0.0 0.0
gs 0.0 0.0 0.0 0.0
ts 0.0 0.0 0.0 0.0
eeg 784.655639648 707.341552734 725.436340332 1084.04199219
eeg 791.235534668 602.062805176 620.157592773 926.123962402
eeg 778.075683594 654.702148438 725.436340332 1084.04199219
eeg 837.29498291 654.702148438 725.436340332 1031.40270996
eeg 922.833984375 654.702148438 725.436340332 1031.40270996
eeg 804.395385742 654.702148438 725.436340332 978.763305664
eeg 791.235534668 654.702148438 725.436340332 978.763305664
eeg 797.815490723 654.702148438 725.436340332 1031.40270996
eeg 797.815490723 812.620300293 935.993835449 1084.04199219
eeg 725.436340332 707.341552734 778.075683594 1084.04199219
eeg 935.993835449 549.423461914 567.518188477 978.763305664
eeg 745.176086426 759.980895996 778.075683594 1189.32080078
eeg 784.655639648 602.062805176 567.518188477 978.763305664
eeg 810.975280762 759.980895996 778.075683594 1189.32080078
eeg 824.135131836 759.980895996 778.075683594 1084.04199219
eeg 922.833984375 707.341552734 672.796936035 1084.04199219
eeg 791.235534668 707.341552734 672.796936035 978.763305664
eeg 843.874938965 654.702148438 567.518188477 1031.40270996
eeg 1001.79302979 602.062805176 462.239471436 1084.04199219
eeg 896.514282227 917.899047852 883.354431152 1136.68139648
eeg 843.874938965 759.980895996 778.075683594 1399.8782959
eeg 1001.79302979 549.423461914 567.518188477 1031.40270996
a nan nan nan nan
b nan nan nan nan
d nan nan nan nan
g nan nan nan nan
t nan nan nan nan
h 4.0 4.0 4.0 4.0
c 0.0
Aa 0.0 0.0 0.0 0.0
Ab 0.0 0.0 0.0 0.0
Ad 0.0 0.0 0.0 0.0
Ag 0.0 0.0 0.0 0.0
At 0.0 0.0 0.0 0.0
as 0.0 0.0 0.0 0.0
bs 0.0 0.0 0.0 0.0
ds 0.0 0.0 0.0 0.0
gs 0.0 0.0 0.0 0.0
ts 0.0 0.0 0.0 0.0
eeg 791.235534668 812.620300293 778.075683594 1136.68139648
eeg 791.235534668 707.341552734 778.075683594 1084.04199219
eeg 791.235534668 707.341552734 778.075683594 1136.68139648
eeg 896.514282227 654.702148438 672.796936035 1136.68139648
eeg 896.514282227 707.341552734 672.796936035 1136.68139648
eeg 843.874938965 602.062805176 567.518188477 873.484558105
eeg 791.235534668 812.620300293 778.075683594 978.763305664
eeg 791.235534668 707.341552734 778.075683594 1084.04199219
eeg 843.874938965 707.341552734 778.075683594 1084.04199219
eeg 633.317443848 812.620300293 883.354431152 978.763305664
eeg 896.514282227 549.423461914 567.518188477 926.123962402
eeg 738.596191406 654.702148438 567.518188477 1031.40270996
eeg 843.874938965 654.702148438 567.518188477 873.484558105
eeg 896.514282227 654.702148438 567.518188477 1031.40270996
eeg 843.874938965 865.259643555 830.715087891 978.763305664
eeg 949.153686523 707.341552734 778.075683594 926.123962402
eeg 896.514282227 707.341552734 725.436340332 873.484558105
eeg 843.874938965 654.702148438 620.157592773 978.763305664
eeg 843.874938965 812.620300293 778.075683594 978.763305664
eeg 896.514282227 602.062805176 514.878845215 926.123962402
eeg 949.153686523 759.980895996 725.436340332 926.123962402
eeg 949.153686523 759.980895996 778.075683594 820.845214844
a nan nan nan nan
b nan nan nan nan
d nan nan nan nan
g nan nan nan nan
t nan nan nan nan
h 4.0 4.0 4.0 4.0
c 0.0
Aa 0.0 0.0 0.0 0.0
Ab 0.0 0.0 0.0 0.0
Ad 0.0 0.0 0.0 0.0
Ag 0.0 0.0 0.0 0.0
At 0.0 0.0 0.0 0.0
as 0.0 0.0 0.0 0.0
bs 0.0 0.0 0.0 0.0
ds 0.0 0.0 0.0 0.0
gs 0.0 0.0 0.0 0.0
ts 0.0 0.0 0.0 0.0
eeg 843.874938965 707.341552734 725.436340332 1031.40270996
eeg 843.874938965 654.702148438 620.157592773 926.123962402
eeg 843.874938965 707.341552734 725.436340332 1031.40270996
eeg 843.874938965 707.341552734 725.436340332 978.763305664
eeg 896.514282227 654.702148438 672.796936035 1031.40270996
eeg 738.596191406 654.702148438 620.157592773 978.763305664
eeg 685.956787109 654.702148438 567.518188477 978.763305664
eeg 738.596191406 654.702148438 567.518188477 978.763305664
eeg 738.596191406 759.980895996 725.436340332 978.763305664
eeg 633.317443848 654.702148438 620.157592773 873.484558105
eeg 843.874938965 496.784057617 409.600097656 873.484558105
eeg 685.956787109 707.341552734 672.796936035 926.123962402
eeg 685.956787109 707.341552734 725.436340332 978.763305664
eeg 685.956787109 654.702148438 620.157592773 1084.04199219
eeg 949.153686523 496.784057617 356.960723877 978.763305664
eeg 896.514282227 812.620300293 672.796936035 978.763305664
eeg 896.514282227 759.980895996 672.796936035 820.845214844
eeg 791.235534668 759.980895996 778.075683594 978.763305664
eeg 791.235534668 707.341552734 725.436340332 1031.40270996
eeg 896.514282227 602.062805176 514.878845215 1031.40270996
eeg 896.514282227 654.702148438 567.518188477 926.123962402
eeg 916.25402832 865.259643555 725.436340332 899.804260254
a nan nan nan nan
b nan nan nan nan
d nan nan nan nan
g nan nan nan nan
t nan nan nan nan
h 4.0 4.0 4.0 4.0
c 0.0
Aa 0.0 0.0 0.0 0.0
Ab 0.0 0.0 0.0 0.0
Ad 0.0 0.0 0.0 0.0
Ag 0.0 0.0 0.0 0.0
At 0.0 0.0 0.0 0.0
as 0.0 0.0 0.0 0.0
bs 0.0 0.0 0.0 0.0
ds 0.0 0.0 0.0 0.0
gs 0.0 0.0 0.0 0.0
ts 0.0 0.0 0.0 0.0
eeg 738.596191406 812.620300293 725.436340332 1031.40270996
eeg 745.176086426 759.980895996 725.436340332 952.443603516
eeg 791.235534668 812.620300293 725.436340332 1110.36169434
eeg 909.674133301 602.062805176 462.239471436 978.763305664
eeg 909.674133301 917.899047852 830.715087891 952.443603516
eeg 896.514282227 759.980895996 725.436340332 952.443603516
eeg 764.91583252 707.341552734 620.157592773 1057.72241211
eeg 791.235534668 812.620300293 725.436340332 1084.04199219
eeg 876.774536133 654.702148438 567.518188477 1084.04199219
eeg 896.514282227 654.702148438 567.518188477 873.484558105
eeg 916.25402832 812.620300293 778.075683594 899.804260254
eeg 824.135131836 707.341552734 725.436340332 1057.72241211
eeg 784.655639648 654.702148438 620.157592773 899.804260254
eeg 883.354431152 654.702148438 620.157592773 899.804260254
eeg 1001.79302979 654.702148438 620.157592773 899.804260254
eeg 975.473327637 759.980895996 725.436340332 794.525512695
eeg 843.874938965 970.538391113 935.993835449 794.525512695
eeg 817.555236816 654.702148438 620.157592773 794.525512695
eeg 922.833984375 759.980895996 725.436340332 1005.08300781
eeg 949.153686523 759.980895996 725.436340332 899.804260254
eeg 922.833984375 759.980895996 725.436340332 1110.36169434
eeg 922.833984375 654.702148438 620.157592773 899.804260254
a nan nan nan nan
b nan nan nan nan
d nan nan nan nan
g nan nan nan nan
t nan nan nan nan
h 4.0 4.0 4.0 4.0
c 0.0
Aa 0.0 0.0 0.0 0.0
Ab 0.0 0.0 0.0 0.0
Ad 0.0 0.0 0.0 0.0
Ag 0.0 0.0 0.0 0.0
At 0.0 0.0 0.0 0.0
as 0.0 0.0 0.0 0.0
bs 0.0 0.0 0.0 0.0
ds 0.0 0.0 0.0 0.0
gs 0.0 0.0 0.0 0.0
ts 0.0 0.0 0.0 0.0
eeg 791.235534668 707.341552734 620.157592773 899.804260254
eeg 870.194580078 549.423461914 409.600097656 899.804260254
eeg 922.833984375 654.702148438 514.878845215 794.525512695
eeg 922.833984375 812.620300293 725.436340332 899.804260254
eeg 922.833984375 602.062805176 514.878845215 899.804260254
eeg 896.514282227 654.702148438 514.878845215 794.525512695
eeg 791.235534668 707.341552734 620.157592773 1005.08300781
eeg 870.194580078 654.702148438 620.157592773 899.804260254
eeg 896.514282227 654.702148438 620.157592773 899.804260254
eeg 896.514282227 759.980895996 620.157592773 952.443603516
eeg 949.153686523 654.702148438 514.878845215 899.804260254
eeg 1001.79302979 654.702148438 514.878845215 1005.08300781
eeg 738.596191406 865.259643555 830.715087891 1005.08300781
eeg 843.874938965 654.702148438 620.157592773 1163.00109863
eeg 949.153686523 549.423461914 514.878845215 899.804260254
eeg 896.514282227 759.980895996 725.436340332 1057.72241211
eeg 949.153686523 654.702148438 620.157592773 1110.36169434
eeg 843.874938965 654.702148438 620.157592773 1057.72241211
eeg 843.874938965 654.702148438 620.157592773 1057.72241211
eeg 896.514282227 654.702148438 620.157592773 1215.64050293
eeg 896.514282227 654.702148438 620.157592773 899.804260254
eeg 896.514282227 865.259643555 830.715087891 952.443603516
a nan nan nan nan
b nan nan nan nan
d nan nan nan nan
g nan nan nan nan
t nan nan nan nan
h 4.0 4.0 4.0 4.0
c 0.0
Aa 0.0 0.0 0.0 0.0
Ab 0.0 0.0 0.0 0.0
Ad 0.0 0.0 0.0 0.0
Ag 0.0 0.0 0.0 0.0
At 0.0 0.0 0.0 0.0
as 0.0 0.0 0.0 0.0
bs 0.0 0.0 0.0 0.0
ds 0.0 0.0 0.0 0.0
gs 0.0 0.0 0.0 0.0
ts 0.0 0.0 0.0 0.0
eeg 791.235534668 759.980895996 725.436340332 952.443603516
eeg 791.235534668 654.702148438 620.157592773 899.804260254
eeg 843.874938965 865.259643555 830.715087891 1163.00109863
eeg 878.419494629 654.702148438 692.536743164 929.413879395
eeg 931.058898926 654.702148438 587.257995605 1034.69262695
eeg 878.419494629 549.423461914 481.979248047 718.856384277
eeg 878.419494629 654.702148438 587.257995605 929.413879395
eeg 931.058898926 654.702148438 587.257995605 929.413879395
eeg 983.698242188 759.980895996 692.536743164 929.413879395
eeg 825.780151367 759.980895996 692.536743164 1034.69262695
eeg 931.058898926 444.144683838 271.42175293 824.135131836
eeg 931.058898926 654.702148438 481.979248047 824.135131836
eeg 773.14074707 759.980895996 692.536743164 824.135131836
eeg 983.698242188 654.702148438 587.257995605 929.413879395
eeg 878.419494629 759.980895996 797.815490723 929.413879395
eeg 878.419494629 654.702148438 797.815490723 1139.97143555
eeg 878.419494629 549.423461914 587.257995605 929.413879395
eeg 825.780151367 759.980895996 692.536743164 1034.69262695
eeg 825.780151367 759.980895996 692.536743164 1034.69262695
eeg 878.419494629 654.702148438 587.257995605 1034.69262695
eeg 878.419494629 707.341552734 692.536743164 929.413879395
eeg 878.419494629 654.702148438 692.536743164 929.413879395
a nan nan nan nan
b nan nan nan nan
d nan nan nan nan
g nan nan nan nan
t nan nan nan nan
h 4.0 4.0 4.0 4.0
c 0.0
Aa 0.0 0.0 0.0 0.0
Ab 0.0 0.0 0.0 0.0
Ad 0.0 0.0 0.0 0.0
Ag 0.0 0.0 0.0 0.0
At 0.0 0.0 0.0 0.0
as 0.0 0.0 0.0 0.0
bs 0.0 0.0 0.0 0.0
ds 0.0 0.0 0.0 0.0
gs 0.0 0.0 0.0 0.0
ts 0.0 0.0 0.0 0.0
eeg 773.14074707 602.062805176 692.536743164 1139.97143555
eeg 773.14074707 602.062805176 692.536743164 1087.33203125
eeg 773.14074707 602.062805176 639.897338867 1034.69262695
eeg 931.058898926 602.062805176 639.897338867 982.053283691
eeg 878.419494629 707.341552734 745.176086426 982.053283691
eeg 878.419494629 707.341552734 797.815490723 1192.61071777
eeg 825.780151367 602.062805176 692.536743164 1192.61071777
eeg 878.419494629 496.784057617 481.979248047 982.053283691
eeg 931.058898926 759.980895996 745.176086426 982.053283691
eeg 773.14074707 759.980895996 797.815490723 876.774536133
eeg 825.780151367 654.702148438 639.897338867 929.413879395
eeg 773.14074707 812.620300293 850.454833984 1034.69262695
eeg 773.14074707 602.062805176 587.257995605 929.413879395
eeg 825.780151367 707.341552734 639.897338867 929.413879395
eeg 794.525512695 707.341552734 639.897338867 876.774536133
eeg 783.010620117 496.784057617 429.339874268 929.413879395
eeg 794.525512695 391.505310059 429.339874268 824.135131836
eeg 763.270874023 496.784057617 639.897338867 1087.33203125
eeg 837.29498291 391.505310059 534.618591309 1034.69262695
eeg 896.514282227 602.062805176 745.176086426 1034.69262695
eeg 669.507019043 602.062805176 745.176086426 1034.69262695
eeg 810.975280762 496.784057617 534.618591309 929.413879395
a nan nan nan nan
b nan nan nan nan
d nan nan nan nan
g nan nan nan nan
t nan nan nan nan
h 4.0 4.0 4.0 4.0
c 0.0
Aa 0.0 0.0 0.0 0.0
Ab 0.0 0.0 0.0 0.0
Ad 0.0 0.0 0.0 0.0
Ag 0.0 0.0 0.0 0.0
At 0.0 0.0 0.0 0.0
as 0.0 0.0 0.0 0.0
bs 0.0 0.0 0.0 0.0
ds 0.0 0.0 0.0 0.0
gs 0.0 0.0 0.0 0.0
ts 0.0 0.0 0.0 0.0
eeg 753.401000977 602.062805176 639.897338867 1034.69262695
eeg 756.690979004 496.784057617 534.618591309 929.413879395
eeg 917.899047852 602.062805176 745.176086426 982.053283691
eeg 797.815490723 602.062805176 745.176086426 876.774536133
eeg 792.880554199 602.062805176 745.176086426 1034.69262695
eeg 796.170471191 602.062805176 639.897338867 876.774536133
eeg 783.010620117 707.341552734 745.176086426 1034.69262695
eeg 990.278137207 496.784057617 534.618591309 1034.69262695
eeg 884.999450684 759.980895996 903.094238281 982.053283691
eeg 621.80255127 759.980895996 955.733581543 982.053283691
eeg 727.081298828 391.505310059 534.618591309 982.053283691
eeg 727.081298828 602.062805176 745.176086426 1139.97143555
eeg 727.081298828 602.062805176 797.815490723 1192.61071777
eeg 832.360046387 496.784057617 639.897338867 1297.88952637
eeg 779.720703125 549.423461914 639.897338867 929.413879395
eeg 727.081298828 549.423461914 639.897338867 1087.33203125
eeg 779.720703125 391.505310059 376.700500488 876.774536133
eeg 779.720703125 707.341552734 745.176086426 1034.69262695
eeg 832.360046387 602.062805176 692.536743164 1087.33203125
eeg 884.999450684 602.062805176 587.257995605 1034.69262695
eeg 779.720703125 602.062805176 587.257995605 929.413879395
eeg 779.720703125 654.702148438 639.897338867 929.413879395
a nan nan nan nan
b nan nan nan nan
d nan nan nan nan
g nan nan nan nan
t nan nan nan nan
h 4.0 4.0 4.0 4.0
c 0.0
Aa 0.0 0.0 0.0 0.0
Ab 0.0 0.0 0.0 0.0
Ad 0.0 0.0 0.0 0.0
Ag 0.0 0.0 0.0 0.0
At 0.0 0.0 0.0 0.0
as 0.0 0.0 0.0 0.0
bs 0.0 0.0 0.0 0.0
ds 0.0 0.0 0.0 0.0
gs 0.0 0.0 0.0 0.0
ts 0.0 0.0 0.0 0.0
eeg 779.720703125 654.702148438 639.897338867 982.053283691
eeg 779.720703125 654.702148438 587.257995605 929.413879395
eeg 884.999450684 759.980895996 692.536743164 876.774536133
eeg 937.638793945 707.341552734 639.897338867 771.495788574
eeg 884.999450684 865.259643555 797.815490723 876.774536133
eeg 753.401000977 917.899047852 850.454833984 771.495788574
eeg 779.720703125 759.980895996 587.257995605 982.053283691
eeg 779.720703125 970.538391113 797.815490723 929.413879395
eeg 884.999450684 865.259643555 745.176086426 929.413879395
eeg 700.76159668 917.899047852 797.815490723 876.774536133
eeg 753.401000977 707.341552734 534.618591309 876.774536133
eeg 753.401000977 812.620300293 692.536743164 982.053283691
eeg 779.720703125 812.620300293 692.536743164 929.413879395
eeg 779.720703125 812.620300293 745.176086426 929.413879395
eeg 806.040344238 759.980895996 745.176086426 824.135131836
eeg 700.76159668 707.341552734 639.897338867 982.053283691
eeg 700.76159668 759.980895996 745.176086426 929.413879395
eeg 700.76159668 759.980895996 745.176086426 1087.33203125
eeg 753.401000977 444.144683838 429.339874268 1034.69262695
eeg 858.679748535 549.423461914 534.618591309 929.413879395
eeg 858.679748535 549.423461914 534.618591309 929.413879395
eeg 753.401000977 654.702148438 745.176086426 929.413879395
a nan nan nan nan
b nan nan nan nan
d nan nan nan nan
g nan nan nan nan
t nan nan nan nan
h 4.0 4.0 4.0 4.0
c 0.0
Aa 0.0 0.0 0.0 0.0
Ab 0.0 0.0 0.0 0.0
Ad 0.0 0.0 0.0 0.0
Ag 0.0 0.0 0.0 0.0
At 0.0 0.0 0.0 0.0
as 0.0 0.0 0.0 0.0
bs 0.0 0.0 0.0 0.0
ds 0.0 0.0 0.0 0.0
gs 0.0 0.0 0.0 0.0
ts 0.0 0.0 0.0 0.0
eeg 753.401000977 549.423461914 745.176086426 982.053283691
eeg 753.401000977 654.702148438 850.454833984 929.413879395
eeg 595.482910156 549.423461914 639.897338867 982.053283691
eeg 911.319091797 444.144683838 429.339874268 824.135131836
eeg 753.401000977 654.702148438 639.897338867 876.774536133
eeg 753.401000977 654.702148438 639.897338867 824.135131836
eeg 806.040344238 654.702148438 639.897338867 982.053283691
eeg 753.401000977 759.980895996 850.454833984 982.053283691
eeg 806.040344238 549.423461914 639.897338867 1139.97143555
eeg 806.040344238 549.423461914 639.897338867 876.774536133
eeg 753.401000977 654.702148438 745.176086426 929.413879395
eeg 753.401000977 654.702148438 745.176086426 982.053283691
eeg 858.679748535 602.062805176 639.897338867 876.774536133
eeg 963.958496094 707.341552734 797.815490723 876.774536133
eeg 963.958496094 707.341552734 797.815490723 824.135131836
eeg 858.679748535 707.341552734 797.815490723 929.413879395
eeg 753.401000977 759.980895996 903.094238281 876.774536133
eeg 753.401000977 654.702148438 745.176086426 1087.33203125
eeg 806.040344238 654.702148438 745.176086426 982.053283691
eeg 911.319091797 654.702148438 692.536743164 982.053283691
eeg 911.319091797 602.062805176 639.897338867 876.774536133
eeg 806.040344238 865.259643555 955.733581543 929.413879395
a nan nan nan nan
b nan nan nan nan
d nan nan nan nan
g nan nan nan nan
t nan nan nan nan
h 4.0 4.0 4.0 4.0
c 0.0
Aa 0.0 0.0 0.0 0.0
Ab 0.0 0.0 0.0 0.0
Ad 0.0 0.0 0.0 0.0
Ag 0.0 0.0 0.0 0.0
At 0.0 0.0 0.0 0.0
as 0.0 0.0 0.0 0.0
bs 0.0 0.0 0.0 0.0
ds 0.0 0.0 0.0 0.0
gs 0.0 0.0 0.0 0.0
ts 0.0 0.0 0.0 0.0
eeg 806.040344238 654.702148438 745.176086426 982.053283691
eeg 806.040344238 707.341552734 745.176086426 929.413879395
eeg 858.679748535 707.341552734 745.176086426 876.774536133
eeg 911.319091797 654.702148438 639.897338867 824.135131836
eeg 858.679748535 707.341552734 745.176086426 876.774536133
eeg 648.122253418 917.899047852 1061.0123291 876.774536133
eeg 700.76159668 707.341552734 745.176086426 982.053283691
eeg 700.76159668 759.980895996 745.176086426 824.135131836
eeg 806.040344238 759.980895996 692.536743164 771.495788574
eeg 806.040344238 707.341552734 639.897338867 771.495788574
eeg 700.76159668 917.899047852 903.094238281 824.135131836
eeg 753.401000977 707.341552734 745.176086426 876.774536133
eeg 753.401000977 917.899047852 1008.3729248 876.774536133
eeg 648.122253418 707.341552734 797.815490723 876.774536133
eeg 806.040344238 707.341552734 745.176086426 718.856384277
eeg 595.482910156 812.620300293 797.815490723 876.774536133
eeg 700.76159668 654.702148438 587.257995605 824.135131836
eeg 753.401000977 865.259643555 850.454833984 876.774536133
eeg 648.122253418 812.620300293 850.454833984 876.774536133
eeg 806.040344238 707.341552734 692.536743164 876.774536133
eeg 753.401000977 707.341552734 692.536743164 876.774536133
eeg 753.401000977 707.341552734 692.536743164 929.413879395
a nan nan nan nan
b nan nan nan nan
d nan nan nan nan
g nan nan nan nan
t nan nan nan nan
h 4.0 4.0 4.0 4.0
c 0.0
Aa 0.0 0.0 0.0 0.0
Ab 0.0 0.0 0.0 0.0
Ad 0.0 0.0 0.0 0.0
Ag 0.0 0.0 0.0 0.0
At 0.0 0.0 0.0 0.0
as 0.0 0.0 0.0 0.0
bs 0.0 0.0 0.0 0.0
ds 0.0 0.0 0.0 0.0
gs 0.0 0.0 0.0 0.0
ts 0.0 0.0 0.0 0.0
eeg 985.343200684 557.64831543 531.328674316 954.088623047
eeg 827.425109863 768.205810547 1057.72241211 901.44921875
eeg 722.146362305 452.369598389 847.164855957 875.129516602
eeg 827.425109863 347.09085083 741.886108398 769.850830078
eeg 669.507019043 557.64831543 952.443603516 954.088623047
eeg 669.507019043 452.369598389 847.164855957 875.129516602
eeg 722.146362305 452.369598389 847.164855957 875.129516602
eeg 669.507019043 557.64831543 952.443603516 875.129516602
eeg 774.785766602 452.369598389 741.886108398 875.129516602
eeg 774.785766602 452.369598389 741.886108398 822.49017334
eeg 722.146362305 662.927062988 952.443603516 927.768920898
eeg 616.867614746 557.64831543 741.886108398 901.44921875
eeg 774.785766602 557.64831543 636.607421875 875.129516602
eeg 774.785766602 662.927062988 741.886108398 875.129516602
eeg 827.425109863 662.927062988 741.886108398 769.850830078
eeg 722.146362305 662.927062988 741.886108398 954.088623047
eeg 722.146362305 662.927062988 636.607421875 875.129516602
eeg 774.785766602 768.205810547 636.607421875 1033.04760742
eeg 722.146362305 768.205810547 531.328674316 980.40826416
eeg 774.785766602 768.205810547 531.328674316 1033.04760742
eeg 669.507019043 768.205810547 531.328674316 980.40826416
eeg 669.507019043 768.205810547 531.328674316 1033.04760742
a nan nan nan nan
b nan nan nan nan
d nan nan nan nan
g nan nan nan nan
t nan nan nan nan
h 4.0 4.0 4.0 4.0
c 0.0
Aa 0.0 0.0 0.0 0.0
Ab 0.0 0.0 0.0 0.0
Ad 0.0 0.0 0.0 0.0
Ag 0.0 0.0 0.0 0.0
At 0.0 0.0 0.0 0.0
as 0.0 0.0 0.0 0.0
bs 0.0 0.0 0.0 0.0
ds 0.0 0.0 0.0 0.0
gs 0.0 0.0 0.0 0.0
ts 0.0 0.0 0.0 0.0
eeg 827.425109863 768.205810547 531.328674316 1085.68701172
eeg 774.785766602 978.763305664 847.164855957 1138.32641602
eeg 511.588897705 820.845214844 741.886108398 980.40826416
eeg 827.425109863 505.008972168 320.771179199 875.129516602
eeg 827.425109863 820.845214844 636.607421875 927.768920898
eeg 669.507019043 873.484558105 741.886108398 875.129516602
eeg 932.703857422 662.927062988 636.607421875 980.40826416
eeg 827.425109863 873.484558105 847.164855957 927.768920898
eeg 827.425109863 662.927062988 636.607421875 1085.68701172
eeg 827.425109863 662.927062988 636.607421875 822.49017334
eeg 774.785766602 820.845214844 847.164855957 1033.04760742
eeg 616.867614746 820.845214844 847.164855957 980.40826416
eeg 827.425109863 610.287719727 636.607421875 927.768920898
eeg 827.425109863 715.566467285 741.886108398 927.768920898
eeg 827.425109863 715.566467285 741.886108398 822.49017334
eeg 774.785766602 715.566467285 741.886108398 927.768920898
eeg 616.867614746 820.845214844 847.164855957 875.129516602
eeg 722.146362305 610.287719727 531.328674316 875.129516602
eeg 722.146362305 715.566467285 636.607421875 875.129516602
eeg 774.785766602 715.566467285 636.607421875 980.40826416
eeg 774.785766602 610.287719727 531.328674316 822.49017334
eeg 722.146362305 820.845214844 741.886108398 1033.04760742
a nan nan nan nan
b nan nan nan nan
d nan nan nan nan
g nan nan nan nan
t nan nan nan nan
h 4.0 4.0 4.0 4.0
c 0.0
Aa 0.0 0.0 0.0 0.0
Ab 0.0 0.0 0.0 0.0
Ad 0.0 0.0 0.0 0.0
Ag 0.0 0.0 0.0 0.0
At 0.0 0.0 0.0 0.0
as 0.0 0.0 0.0 0.0
bs 0.0 0.0 0.0 0.0
ds 0.0 0.0 0.0 0.0
gs 0.0 0.0 0.0 0.0
ts 0.0 0.0 0.0 0.0
eeg 669.507019043 715.566467285 636.607421875 927.768920898
eeg 827.425109863 715.566467285 636.607421875 875.129516602
eeg 774.785766602 820.845214844 741.886108398 927.768920898
eeg 880.064453125 715.566467285 741.886108398 822.49017334
eeg 774.785766602 820.845214844 847.164855957 1085.68701172
eeg 669.507019043 610.287719727 636.607421875 927.768920898
eeg 722.146362305 505.008972168 636.607421875 875.129516602
eeg 722.146362305 610.287719727 741.886108398 822.49017334
eeg 774.785766602 610.287719727 741.886108398 875.129516602
eeg 616.867614746 610.287719727 741.886108398 769.850830078
eeg 669.507019043 399.730224609 426.04989624 927.768920898
eeg 827.425109863 399.730224609 426.04989624 927.768920898
eeg 827.425109863 715.566467285 741.886108398 875.129516602
eeg 827.425109863 505.008972168 531.328674316 822.49017334
eeg 827.425109863 610.287719727 636.607421875 822.49017334
eeg 669.507019043 610.287719727 636.607421875 875.129516602
eeg 722.146362305 610.287719727 531.328674316 875.129516602
eeg 774.785766602 820.845214844 847.164855957 927.768920898
eeg 880.064453125 505.008972168 531.328674316 822.49017334
eeg 827.425109863 715.566467285 741.886108398 980.40826416
eeg 722.146362305 715.566467285 741.886108398 822.49017334
eeg 774.785766602 820.845214844 741.886108398 980.40826416
a nan nan nan nan
b nan nan nan nan
d nan nan nan nan
g nan nan nan nan
t nan nan nan nan
h 4.0 4.0 4.0 4.0
c 0.0
Aa 0.0 0.0 0.0 0.0
Ab 0.0 0.0 0.0 0.0
Ad 0.0 0.0 0.0 0.0
Ag 0.0 0.0 0.0 0.0
At 0.0 0.0 0.0 0.0
as 0.0 0.0 0.0 0.0
bs 0.0 0.0 0.0 0.0
ds 0.0 0.0 0.0 0.0
gs 0.0 0.0 0.0 0.0
ts 0.0 0.0 0.0 0.0
eeg 669.507019043 926.123962402 847.164855957 954.088623047
eeg 932.703857422 715.566467285 636.607421875 927.768920898
eeg 616.867614746 926.123962402 847.164855957 927.768920898
eeg 880.064453125 610.287719727 531.328674316 769.850830078
eeg 880.064453125 715.566467285 636.607421875 848.809875488
eeg 774.785766602 926.123962402 847.164855957 848.809875488
eeg 880.064453125 610.287719727 531.328674316 848.809875488
eeg 827.425109863 820.845214844 741.886108398 822.49017334
eeg 827.425109863 715.566467285 741.886108398 875.129516602
eeg 774.785766602 715.566467285 741.886108398 796.170471191
eeg 774.785766602 715.566467285 741.886108398 980.40826416
eeg 880.064453125 610.287719727 636.607421875 980.40826416
eeg 880.064453125 715.566467285 741.886108398 927.768920898
eeg 722.146362305 610.287719727 636.607421875 927.768920898
eeg 827.425109863 610.287719727 636.607421875 822.49017334
eeg 827.425109863 610.287719727 741.886108398 927.768920898
eeg 722.146362305 715.566467285 952.443603516 822.49017334
eeg 932.703857422 610.287719727 847.164855957 769.850830078
eeg 827.425109863 715.566467285 1057.72241211 769.850830078
eeg 774.785766602 610.287719727 847.164855957 822.49017334
eeg 722.146362305 715.566467285 952.443603516 822.49017334
eeg 722.146362305 610.287719727 847.164855957 980.40826416
a nan nan nan nan
b nan nan nan nan
d nan nan nan nan
g nan nan nan nan
t nan nan nan nan
h 4.0 4.0 4.0 4.0
c 0.0
Aa 0.0 0.0 0.0 0.0
Ab 0.0 0.0 0.0 0.0
Ad 0.0 0.0 0.0 0.0
Ag 0.0 0.0 0.0 0.0
At 0.0 0.0 0.0 0.0
as 0.0 0.0 0.0 0.0
bs 0.0 0.0 0.0 0.0
ds 0.0 0.0 0.0 0.0
gs 0.0 0.0 0.0 0.0
ts 0.0 0.0 0.0 0.0
eeg 722.146362305 610.287719727 847.164855957 927.768920898
eeg 932.703857422 505.008972168 636.607421875 822.49017334
eeg 932.703857422 610.287719727 741.886108398 822.49017334
eeg 827.425109863 715.566467285 847.164855957 822.49017334
eeg 774.785766602 610.287719727 741.886108398 1033.04760742
eeg 774.785766602 610.287719727 636.607421875 927.768920898
eeg 880.064453125 610.287719727 636.607421875 875.129516602
eeg 827.425109863 715.566467285 741.886108398 822.49017334
eeg 827.425109863 610.287719727 636.607421875 822.49017334
eeg 774.785766602 662.927062988 583.968017578 875.129516602
eeg 774.785766602 768.205810547 689.246765137 980.40826416
eeg 774.785766602 715.566467285 636.607421875 980.40826416
eeg 932.703857422 715.566467285 583.968017578 875.129516602
eeg 880.064453125 768.205810547 636.607421875 875.129516602
eeg 880.064453125 768.205810547 583.968017578 822.49017334
eeg 880.064453125 768.205810547 636.607421875 927.768920898
eeg 774.785766602 978.763305664 899.804260254 927.768920898
eeg 774.785766602 557.64831543 426.04989624 875.129516602
eeg 1037.98254395 610.287719727 426.04989624 822.49017334
eeg 932.703857422 820.845214844 689.246765137 875.129516602
eeg 774.785766602 820.845214844 741.886108398 875.129516602
eeg 827.425109863 768.205810547 741.886108398 1085.68701172
a nan nan nan nan
b nan nan nan nan
d nan nan nan nan
g nan nan nan nan
t nan nan nan nan
h 4.0 4.0 4.0 4.0
c 0.0
Aa 0.0 0.0 0.0 0.0
Ab 0.0 0.0 0.0 0.0
Ad 0.0 0.0 0.0 0.0
Ag 0.0 0.0 0.0 0.0
At 0.0 0.0 0.0 0.0
as 0.0 0.0 0.0 0.0
bs 0.0 0.0 0.0 0.0
ds 0.0 0.0 0.0 0.0
gs 0.0 0.0 0.0 0.0
ts 0.0 0.0 0.0 0.0
eeg 722.146362305 768.205810547 741.886108398 980.40826416
eeg 932.703857422 610.287719727 531.328674316 980.40826416
eeg 880.064453125 662.927062988 583.968017578 822.49017334
eeg 880.064453125 820.845214844 794.525512695 875.129516602
eeg 880.064453125 768.205810547 689.246765137 1033.04760742
eeg 880.064453125 768.205810547 689.246765137 1033.04760742
eeg 932.703857422 820.845214844 741.886108398 1033.04760742
eeg 985.343200684 768.205810547 741.886108398 875.129516602
eeg 880.064453125 820.845214844 847.164855957 980.40826416
eeg 722.146362305 820.845214844 899.804260254 927.768920898
eeg 774.785766602 610.287719727 689.246765137 980.40826416
eeg 932.703857422 610.287719727 636.607421875 980.40826416
eeg 932.703857422 715.566467285 689.246765137 980.40826416
eeg 880.064453125 715.566467285 689.246765137 822.49017334
eeg 827.425109863 873.484558105 952.443603516 875.129516602
eeg 827.425109863 557.64831543 531.328674316 875.129516602
eeg 827.425109863 820.845214844 741.886108398 927.768920898
eeg 774.785766602 820.845214844 794.525512695 980.40826416
eeg 880.064453125 557.64831543 531.328674316 822.49017334
eeg 725.436340332 842.229919434 868.549621582 898.159240723
eeg 830.715087891 473.754333496 447.434661865 792.880554199
eeg 883.354431152 684.311828613 657.992126465 871.839599609
a nan nan nan nan
b nan nan nan nan
d nan nan nan nan
g nan nan nan nan
t nan nan nan nan
h 4.0 4.0 4.0 4.0
c 0.0
Aa 0.0 0.0 0.0 0.0
Ab 0.0 0.0 0.0 0.0
Ad 0.0 0.0 0.0 0.0
Ag 0.0 0.0 0.0 0.0
At 0.0 0.0 0.0 0.0
as 0.0 0.0 0.0 0.0
bs 0.0 0.0 0.0 0.0
ds 0.0 0.0 0.0 0.0
gs 0.0 0.0 0.0 0.0
ts 0.0 0.0 0.0 0.0
eeg 935.993835449 631.672424316 657.992126465 924.478942871
eeg 935.993835449 736.951171875 763.270874023 977.118347168
eeg 778.075683594 631.672424316 657.992126465 871.839599609
eeg 778.075683594 579.033081055 552.713378906 845.519897461
eeg 725.436340332 736.951171875 657.992126465 845.519897461
eeg 830.715087891 579.033081055 552.713378906 845.519897461
eeg 883.354431152 684.311828613 657.992126465 766.560852051
eeg 883.354431152 684.311828613 657.992126465 766.560852051
eeg 830.715087891 579.033081055 552.713378906 819.200195312
eeg 830.715087891 579.033081055 552.713378906 792.880554199
eeg 830.715087891 631.672424316 657.992126465 924.478942871
eeg 778.075683594 631.672424316 657.992126465 924.478942871
eeg 935.993835449 631.672424316 657.992126465 924.478942871
eeg 830.715087891 579.033081055 552.713378906 792.880554199
eeg 830.715087891 684.311828613 763.270874023 898.159240723
eeg 830.715087891 631.672424316 763.270874023 950.79864502
eeg 830.715087891 579.033081055 657.992126465 898.159240723
eeg 830.715087891 631.672424316 710.631530762 898.159240723
eeg 935.993835449 579.033081055 657.992126465 792.880554199
eeg 830.715087891 684.311828613 815.91027832 1003.43798828
eeg 725.436340332 684.311828613 815.91027832 898.159240723
eeg 778.075683594 526.393737793 552.713378906 950.79864502
a nan nan nan nan
b nan nan nan nan
d nan nan nan nan
g nan nan nan nan
t nan nan nan nan
h 4.0 4.0 4.0 4.0
c 0.0
Aa 0.0 0.0 0.0 0.0
Ab 0.0 0.0 0.0 0.0
Ad 0.0 0.0 0.0 0.0
Ag 0.0 0.0 0.0 0.0
At 0.0 0.0 0.0 0.0
as 0.0 0.0 0.0 0.0
bs 0.0 0.0 0.0 0.0
ds 0.0 0.0 0.0 0.0
gs 0.0 0.0 0.0 0.0
ts 0.0 0.0 0.0 0.0
eeg 725.436340332 736.951171875 815.91027832 950.79864502
eeg 883.354431152 631.672424316 763.270874023 950.79864502
eeg 778.075683594 526.393737793 605.352783203 898.159240723
eeg 778.075683594 684.311828613 710.631530762 950.79864502
eeg 778.075683594 631.672424316 710.631530762 950.79864502
eeg 830.715087891 579.033081055 605.352783203 898.159240723
eeg 830.715087891 736.951171875 763.270874023 740.241149902
eeg 883.354431152 631.672424316 657.992126465 740.241149902
eeg 725.436340332 631.672424316 552.713378906 845.519897461
eeg 725.436340332 736.951171875 657.992126465 898.159240723
eeg 778.075683594 736.951171875 657.992126465 1003.43798828
eeg 883.354431152 579.033081055 552.713378906 898.159240723
eeg 883.354431152 894.86932373 973.828369141 1003.43798828
eeg 620.157592773 736.951171875 868.549621582 845.519897461
eeg 725.436340332 579.033081055 657.992126465 950.79864502
eeg 725.436340332 789.590576172 868.549621582 950.79864502
eeg 830.715087891 579.033081055 657.992126465 898.159240723
eeg 830.715087891 736.951171875 763.270874023 898.159240723
eeg 830.715087891 736.951171875 763.270874023 792.880554199
eeg 725.436340332 631.672424316 657.992126465 845.519897461
eeg 725.436340332 736.951171875 763.270874023 898.159240723
eeg 778.075683594 736.951171875 763.270874023 950.79864502
a nan nan nan nan
b nan nan nan nan
d nan nan nan nan
g nan nan nan nan
t nan nan nan nan
h 4.0 4.0 4.0 4.0
c 0.0
Aa 0.0 0.0 0.0 0.0
Ab 0.0 0.0 0.0 0.0
Ad 0.0 0.0 0.0 0.0
Ag 0.0 0.0 0.0 0.0
At 0.0 0.0 0.0 0.0
as 0.0 0.0 0.0 0.0
bs 0.0 0.0 0.0 0.0
ds 0.0 0.0 0.0 0.0
gs 0.0 0.0 0.0 0.0
ts 0.0 0.0 0.0 0.0
eeg 778.075683594 684.311828613 763.270874023 950.79864502
eeg 935.993835449 736.951171875 763.270874023 950.79864502
eeg 778.075683594 579.033081055 657.992126465 740.241149902
eeg 778.075683594 684.311828613 763.270874023 845.519897461
eeg 778.075683594 631.672424316 763.270874023 845.519897461
eeg 830.715087891 631.672424316 763.270874023 845.519897461
eeg 830.715087891 631.672424316 763.270874023 845.519897461
eeg 935.993835449 579.033081055 657.992126465 845.519897461
eeg 883.354431152 684.311828613 763.270874023 1056.07739258
eeg 672.796936035 789.590576172 868.549621582 950.79864502
eeg 672.796936035 579.033081055 657.992126465 950.79864502
eeg 883.354431152 579.033081055 552.713378906 845.519897461
eeg 883.354431152 842.229919434 868.549621582 950.79864502
eeg 725.436340332 684.311828613 763.270874023 845.519897461
eeg 778.075683594 684.311828613 657.992126465 950.79864502
eeg 778.075683594 684.311828613 657.992126465 845.519897461
eeg 883.354431152 684.311828613 657.992126465 845.519897461
eeg 883.354431152 736.951171875 763.270874023 845.519897461
eeg 935.993835449 789.590576172 710.631530762 845.519897461
eeg 830.715087891 736.951171875 605.352783203 898.159240723
eeg 883.354431152 736.951171875 552.713378906 898.159240723
eeg 935.993835449 842.229919434 710.631530762 1003.43798828
a nan nan nan nan
b nan nan nan nan
d nan nan nan nan
g nan nan nan nan
t nan nan nan nan
h 4.0 4.0 4.0 4.0
c 0.0
Aa 0.0 0.0 0.0 0.0
Ab 0.0 0.0 0.0 0.0
Ad 0.0 0.0 0.0 0.0
Ag 0.0 0.0 0.0 0.0
At 0.0 0.0 0.0 0.0
as 0.0 0.0 0.0 0.0
bs 0.0 0.0 0.0 0.0
ds 0.0 0.0 0.0 0.0
gs 0.0 0.0 0.0 0.0
ts 0.0 0.0 0.0 0.0
eeg 935.993835449 736.951171875 657.992126465 898.159240723
eeg 935.993835449 894.86932373 868.549621582 1108.71679688
eeg 672.796936035 789.590576172 763.270874023 792.880554199
eeg 725.436340332 684.311828613 605.352783203 1003.43798828
eeg 778.075683594 736.951171875 605.352783203 1003.43798828
eeg 830.715087891 736.951171875 605.352783203 898.159240723
eeg 830.715087891 736.951171875 657.992126465 898.159240723
eeg 830.715087891 684.311828613 605.352783203 845.519897461
eeg 830.715087891 684.311828613 605.352783203 898.159240723
eeg 725.436340332 894.86932373 921.188964844 898.159240723
eeg 830.715087891 579.033081055 552.713378906 898.159240723
eeg 725.436340332 894.86932373 921.188964844 845.519897461
eeg 830.715087891 631.672424316 552.713378906 855.389770508
eeg 830.715087891 631.672424316 500.074035645 776.430725098
eeg 725.436340332 789.590576172 710.631530762 963.958496094
eeg 830.715087891 631.672424316 605.352783203 996.858093262
eeg 830.715087891 789.590576172 815.91027832 990.278137207
eeg 672.796936035 684.311828613 657.992126465 884.999450684
eeg 830.715087891 631.672424316 605.352783203 783.010620117
eeg 672.796936035 684.311828613 605.352783203 842.229919434
eeg 725.436340332 631.672424316 500.074035645 894.86932373
eeg 830.715087891 789.590576172 763.270874023 914.609069824
a nan nan nan nan
b nan nan nan nan
d nan nan nan nan
g nan nan nan nan
t nan nan nan nan
h 4.0 4.0 4.0 4.0
c 0.0
Aa 0.0 0.0 0.0 0.0
Ab 0.0 0.0 0.0 0.0
Ad 0.0 0.0 0.0 0.0
Ag 0.0 0.0 0.0 0.0
At 0.0 0.0 0.0 0.0
as 0.0 0.0 0.0 0.0
bs 0.0 0.0 0.0 0.0
ds 0.0 0.0 0.0 0.0
gs 0.0 0.0 0.0 0.0
ts 0.0 0.0 0.0 0.0
eeg 778.075683594 684.311828613 710.631530762 855.389770508
eeg 830.715087891 631.672424316 605.352783203 819.200195312
eeg 778.075683594 684.311828613 657.992126465 796.170471191
eeg 778.075683594 684.311828613 657.992126465 980.40826416
eeg 883.354431152 684.311828613 657.992126465 1003.43798828
eeg 883.354431152 789.590576172 815.91027832 1010.01794434
eeg 830.715087891 579.033081055 605.352783203 904.739196777
eeg 830.715087891 579.033081055 710.631530762 799.460449219
eeg 672.796936035 473.754333496 605.352783203 904.739196777
eeg 725.436340332 473.754333496 605.352783203 904.739196777
eeg 778.075683594 579.033081055 710.631530762 904.739196777
eeg 857.034729004 473.754333496 605.352783203 852.09979248
eeg 830.715087891 684.311828613 815.91027832 957.378540039
eeg 725.436340332 579.033081055 710.631530762 799.460449219
eeg 725.436340332 579.033081055 605.352783203 957.378540039
eeg 725.436340332 684.311828613 710.631530762 957.378540039
eeg 883.354431152 579.033081055 500.074035645 852.09979248
eeg 830.715087891 789.590576172 710.631530762 852.09979248
eeg 830.715087891 789.590576172 710.631530762 799.460449219
eeg 725.436340332 789.590576172 710.631530762 904.739196777
eeg 725.436340332 789.590576172 710.631530762 904.739196777
eeg 804.395385742 789.590576172 815.91027832 904.739196777
a nan nan nan nan
b nan nan nan nan
d nan nan nan nan
g nan nan nan nan
t nan nan nan nan
h 4.0 4.0 4.0 4.0
c 0.0
Aa 0.0 0.0 0.0 0.0
Ab 0.0 0.0 0.0 0.0
Ad 0.0 0.0 0.0 0.0
Ag 0.0 0.0 0.0 0.0
At 0.0 0.0 0.0 0.0
as 0.0 0.0 0.0 0.0
bs 0.0 0.0 0.0 0.0
ds 0.0 0.0 0.0 0.0
gs 0.0 0.0 0.0 0.0
ts 0.0 0.0 0.0 0.0
eeg 804.395385742 684.311828613 710.631530762 852.09979248
eeg 857.034729004 579.033081055 605.352783203 852.09979248
eeg 804.395385742 579.033081055 500.074035645 852.09979248
eeg 804.395385742 579.033081055 500.074035645 1010.01794434
eeg 857.034729004 579.033081055 500.074035645 1115.29663086
eeg 857.034729004 789.590576172 710.631530762 1167.93603516
eeg 541.198547363 579.033081055 500.074035645 904.739196777
eeg 857.034729004 473.754333496 184.237792969 852.09979248
eeg 962.313476562 579.033081055 289.516540527 852.09979248
eeg 751.75604248 894.86932373 710.631530762 904.739196777
eeg 962.313476562 579.033081055 500.074035645 957.378540039
eeg 751.75604248 789.590576172 710.631530762 852.09979248
eeg 751.75604248 579.033081055 500.074035645 957.378540039
eeg 804.395385742 579.033081055 500.074035645 799.460449219
eeg 804.395385742 789.590576172 710.631530762 957.378540039
eeg 751.75604248 684.311828613 710.631530762 957.378540039
eeg 886.64440918 616.867614746 615.22265625 819.200195312
eeg 886.64440918 722.146362305 720.501403809 766.560852051
eeg 886.64440918 774.785766602 773.14074707 713.921447754
eeg 781.365661621 774.785766602 825.780151367 819.200195312
eeg 781.365661621 774.785766602 825.780151367 819.200195312
eeg 886.64440918 774.785766602 825.780151367 713.921447754
a nan nan nan nan
b nan nan nan nan
d nan nan nan nan
g nan nan nan nan
t nan nan nan nan
h 4.0 4.0 4.0 4.0
c 0.0
Aa 0.0 0.0 0.0 0.0
Ab 0.0 0.0 0.0 0.0
Ad 0.0 0.0 0.0 0.0
Ag 0.0 0.0 0.0 0.0
At 0.0 0.0 0.0 0.0
as 0.0 0.0 0.0 0.0
bs 0.0 0.0 0.0 0.0
ds 0.0 0.0 0.0 0.0
gs 0.0 0.0 0.0 0.0
ts 0.0 0.0 0.0 0.0
eeg 939.283752441 722.146362305 773.14074707 713.921447754
eeg 886.64440918 880.064453125 983.698242188 871.839599609
eeg 834.005004883 827.425109863 931.058898926 713.921447754
eeg 834.005004883 616.867614746 615.22265625 871.839599609
eeg 939.283752441 774.785766602 720.501403809 871.839599609
eeg 939.283752441 880.064453125 878.419494629 819.200195312
eeg 623.447570801 880.064453125 931.058898926 924.478942871
eeg 781.365661621 669.507019043 720.501403809 819.200195312
eeg 728.726318359 669.507019043 720.501403809 871.839599609
eeg 781.365661621 669.507019043 615.22265625 871.839599609
eeg 886.64440918 774.785766602 773.14074707 871.839599609
eeg 740.241149902 827.425109863 825.780151367 845.519897461
eeg 771.495788574 669.507019043 667.861999512 950.79864502
eeg 802.750427246 669.507019043 615.22265625 898.159240723
eeg 776.430725098 827.425109863 773.14074707 1082.39709473
eeg 886.64440918 669.507019043 667.861999512 1082.39709473
eeg 906.384155273 880.064453125 931.058898926 1082.39709473
eeg 778.075683594 616.867614746 667.861999512 845.519897461
eeg 809.330322266 669.507019043 667.861999512 871.839599609
eeg 702.406616211 722.146362305 773.14074707 977.118347168
eeg 768.205810547 511.588897705 509.943908691 950.79864502
eeg 848.809875488 722.146362305 773.14074707 950.79864502
a nan nan nan nan
b nan nan nan nan
d nan nan nan nan
g nan nan nan nan
t nan nan nan nan
h 4.0 4.0 4.0 4.0
c 0.0
Aa 0.0 0.0 0.0 0.0
Ab 0.0 0.0 0.0 0.0
Ad 0.0 0.0 0.0 0.0
Ag 0.0 0.0 0.0 0.0
At 0.0 0.0 0.0 0.0
as 0.0 0.0 0.0 0.0
bs 0.0 0.0 0.0 0.0
ds 0.0 0.0 0.0 0.0
gs 0.0 0.0 0.0 0.0
ts 0.0 0.0 0.0 0.0
eeg 834.005004883 616.867614746 720.501403809 819.200195312
eeg 789.590576172 616.867614746 667.861999512 819.200195312
eeg 773.14074707 669.507019043 720.501403809 819.200195312
eeg 783.010620117 669.507019043 720.501403809 950.79864502
eeg 832.360046387 616.867614746 667.861999512 924.478942871
eeg 937.638793945 669.507019043 667.861999512 819.200195312
eeg 832.360046387 722.146362305 773.14074707 766.560852051
eeg 832.360046387 669.507019043 667.861999512 713.921447754
eeg 779.720703125 722.146362305 773.14074707 819.200195312
eeg 779.720703125 669.507019043 667.861999512 819.200195312
eeg 779.720703125 669.507019043 667.861999512 819.200195312
eeg 884.999450684 616.867614746 615.22265625 766.560852051
eeg 779.720703125 774.785766602 825.780151367 924.478942871
eeg 727.081298828 774.785766602 825.780151367 819.200195312
eeg 779.720703125 616.867614746 562.583251953 924.478942871
eeg 779.720703125 774.785766602 667.861999512 924.478942871
eeg 884.999450684 669.507019043 509.943908691 766.560852051
eeg 779.720703125 827.425109863 720.501403809 819.200195312
eeg 779.720703125 722.146362305 667.861999512 819.200195312
eeg 779.720703125 722.146362305 720.501403809 924.478942871
eeg 779.720703125 669.507019043 667.861999512 924.478942871
eeg 832.360046387 722.146362305 615.22265625 924.478942871
a nan nan nan nan
b nan nan nan nan
d nan nan nan nan
g nan nan nan nan
t nan nan nan nan
h 4.0 4.0 4.0 4.0
c 0.0
Aa 0.0 0.0 0.0 0.0
Ab 0.0 0.0 0.0 0.0
Ad 0.0 0.0 0.0 0.0
Ag 0.0 0.0 0.0 0.0
At 0.0 0.0 0.0 0.0
as 0.0 0.0 0.0 0.0
bs 0.0 0.0 0.0 0.0
ds 0.0 0.0 0.0 0.0
gs 0.0 0.0 0.0 0.0
ts 0.0 0.0 0.0 0.0
eeg 1042.91748047 669.507019043 509.943908691 819.200195312
eeg 1042.91748047 880.064453125 825.780151367 1082.39709473
eeg 727.081298828 880.064453125 878.419494629 924.478942871
eeg 832.360046387 616.867614746 562.583251953 977.118347168
eeg 884.999450684 669.507019043 615.22265625 977.118347168
eeg 937.638793945 669.507019043 615.22265625 871.839599609
eeg 937.638793945 616.867614746 562.583251953 924.478942871
eeg 832.360046387 722.146362305 720.501403809 924.478942871
eeg 779.720703125 722.146362305 720.501403809 924.478942871
eeg 884.999450684 564.228271484 509.943908691 924.478942871
eeg 884.999450684 827.425109863 825.780151367 924.478942871
eeg 884.999450684 722.146362305 720.501403809 819.200195312
eeg 779.720703125 722.146362305 720.501403809 871.839599609
eeg 779.720703125 722.146362305 720.501403809 871.839599609
eeg 779.720703125 774.785766602 825.780151367 924.478942871
eeg 884.999450684 669.507019043 720.501403809 977.118347168
eeg 937.638793945 722.146362305 773.14074707 924.478942871
eeg 832.360046387 722.146362305 825.780151367 924.478942871
eeg 832.360046387 669.507019043 773.14074707 924.478942871
eeg 884.999450684 774.785766602 878.419494629 1135.03637695
eeg 884.999450684 880.064453125 1036.33764648 1135.03637695
eeg 727.081298828 616.867614746 667.861999512 924.478942871
a nan nan nan nan
b nan nan nan nan
d nan nan nan nan
g nan nan nan nan
t nan nan nan nan
h 4.0 4.0 4.0 4.0
c 0.0
Aa 0.0 0.0 0.0 0.0
Ab 0.0 0.0 0.0 0.0
Ad 0.0 0.0 0.0 0.0
Ag 0.0 0.0 0.0 0.0
At 0.0 0.0 0.0 0.0
as 0.0 0.0 0.0 0.0
bs 0.0 0.0 0.0 0.0
ds 0.0 0.0 0.0 0.0
gs 0.0 0.0 0.0 0.0
ts 0.0 0.0 0.0 0.0
eeg 937.638793945 616.867614746 667.861999512 871.839599609
eeg 727.081298828 722.146362305 773.14074707 977.118347168
eeg 779.720703125 669.507019043 773.14074707 977.118347168
eeg 779.720703125 669.507019043 773.14074707 1082.39709473
eeg 832.360046387 616.867614746 720.501403809 977.118347168
eeg 884.999450684 722.146362305 825.780151367 1029.75769043
eeg 621.80255127 669.507019043 773.14074707 819.200195312
eeg 779.720703125 616.867614746 615.22265625 977.118347168
eeg 884.999450684 616.867614746 615.22265625 977.118347168
