eeg 832.360046387 827.425109863 825.780151367 977.118347168
eeg 884.999450684 616.867614746 615.22265625 977.118347168
eeg 832.360046387 827.425109863 931.058898926 924.478942871
eeg 674.441955566 722.146362305 825.780151367 977.118347168
eeg 779.720703125 616.867614746 615.22265625 977.118347168
eeg 779.720703125 932.703857422 1036.33764648 977.118347168
eeg 884.999450684 616.867614746 825.780151367 977.118347168
eeg 884.999450684 827.425109863 931.058898926 977.118347168
eeg 832.360046387 722.146362305 720.501403809 819.200195312
eeg 779.720703125 722.146362305 720.501403809 977.118347168
eeg 937.638793945 722.146362305 720.501403809 924.478942871
eeg 884.999450684 827.425109863 825.780151367 924.478942871
eeg 674.441955566 827.425109863 825.780151367 977.118347168
a nan nan nan nan
b nan nan nan nan
d nan nan nan nan
g nan nan nan nan
t nan nan nan nan
h 4.0 4.0 4.0 4.0
c 0.0
Aa 0.0 0.0 0.0 0.0
Ab 0.0 0.0 0.0 0.0
Ad 0.0 0.0 0.0 0.0
Ag 0.0 0.0 0.0 0.0
At 0.0 0.0 0.0 0.0
as 0.0 0.0 0.0 0.0
bs 0.0 0.0 0.0 0.0
ds 0.0 0.0 0.0 0.0
gs 0.0 0.0 0.0 0.0
ts 0.0 0.0 0.0 0.0
eeg 884.999450684 616.867614746 615.22265625 819.200195312
eeg 621.80255127 722.146362305 615.22265625 871.839599609
eeg 832.360046387 616.867614746 509.943908691 871.839599609
eeg 937.638793945 774.785766602 825.780151367 871.839599609
eeg 832.360046387 722.146362305 825.780151367 871.839599609
eeg 937.638793945 564.228271484 615.22265625 871.839599609
eeg 937.638793945 616.867614746 615.22265625 766.560852051
eeg 884.999450684 669.507019043 720.501403809 871.839599609
eeg 937.638793945 616.867614746 667.861999512 924.478942871
eeg 937.638793945 774.785766602 878.419494629 924.478942871
eeg 832.360046387 616.867614746 667.861999512 766.560852051
eeg 990.278137207 616.867614746 615.22265625 766.560852051
eeg 779.720703125 669.507019043 667.861999512 766.560852051
eeg 832.360046387 616.867614746 615.22265625 819.200195312
eeg 884.999450684 774.785766602 825.780151367 977.118347168
eeg 884.999450684 669.507019043 720.501403809 871.839599609
eeg 884.999450684 669.507019043 720.501403809 819.200195312
eeg 832.360046387 669.507019043 720.501403809 819.200195312
eeg 779.720703125 616.867614746 615.22265625 924.478942871
eeg 937.638793945 616.867614746 720.501403809 1082.39709473
eeg 858.679748535 722.146362305 931.058898926 1082.39709473
eeg 832.360046387 511.588897705 720.501403809 871.839599609
a nan nan nan nan
b nan nan nan nan
d nan nan nan nan
g nan nan nan nan
t nan nan nan nan
h 4.0 4.0 4.0 4.0
c 0.0
Aa 0.0 0.0 0.0 0.0
Ab 0.0 0.0 0.0 0.0
Ad 0.0 0.0 0.0 0.0
Ag 0.0 0.0 0.0 0.0
At 0.0 0.0 0.0 0.0
as 0.0 0.0 0.0 0.0
bs 0.0 0.0 0.0 0.0
ds 0.0 0.0 0.0 0.0
gs 0.0 0.0 0.0 0.0
ts 0.0 0.0 0.0 0.0
eeg 858.679748535 616.867614746 825.780151367 819.200195312
eeg 700.76159668 616.867614746 825.780151367 924.478942871
eeg 727.081298828 616.867614746 825.780151367 871.839599609
eeg 806.040344238 616.867614746 720.501403809 871.839599609
eeg 779.720703125 722.146362305 825.780151367 871.839599609
eeg 832.360046387 616.867614746 615.22265625 766.560852051
eeg 779.720703125 722.146362305 720.501403809 819.200195312
eeg 753.401000977 722.146362305 720.501403809 924.478942871
eeg 753.401000977 722.146362305 720.501403809 977.118347168
eeg 858.679748535 616.867614746 615.22265625 977.118347168
eeg 832.360046387 616.867614746 615.22265625 819.200195312
eeg 858.679748535 722.146362305 720.501403809 819.200195312
eeg 700.76159668 616.867614746 615.22265625 871.839599609
eeg 733.661254883 708.98651123 727.081298828 894.86932373
eeg 838.940002441 656.347167969 727.081298828 947.508666992
eeg 1049.49743652 445.789672852 516.523803711 842.229919434
eeg 944.218688965 866.904663086 937.638793945 894.86932373
eeg 786.300598145 761.625915527 937.638793945 789.590576172
eeg 786.300598145 551.06842041 727.081298828 947.508666992
eeg 838.940002441 708.98651123 937.638793945 1052.78747559
eeg 891.579345703 708.98651123 937.638793945 1105.42675781
eeg 838.940002441 656.347167969 937.638793945 947.508666992
a nan nan nan nan
b nan nan nan nan
d nan nan nan nan
g nan nan nan nan
t nan nan nan nan
h 4.0 4.0 4.0 4.0
c 0.0
Aa 0.0 0.0 0.0 0.0
Ab 0.0 0.0 0.0 0.0
Ad 0.0 0.0 0.0 0.0
Ag 0.0 0.0 0.0 0.0
At 0.0 0.0 0.0 0.0
as 0.0 0.0 0.0 0.0
bs 0.0 0.0 0.0 0.0
ds 0.0 0.0 0.0 0.0
gs 0.0 0.0 0.0 0.0
ts 0.0 0.0 0.0 0.0
eeg 838.940002441 603.707763672 832.360046387 842.229919434
eeg 838.940002441 761.625915527 937.638793945 842.229919434
eeg 733.661254883 761.625915527 937.638793945 842.229919434
eeg 838.940002441 761.625915527 937.638793945 947.508666992
eeg 786.300598145 761.625915527 937.638793945 842.229919434
eeg 838.940002441 551.06842041 621.80255127 842.229919434
eeg 838.940002441 708.98651123 727.081298828 842.229919434
eeg 786.300598145 761.625915527 832.360046387 1000.14807129
eeg 812.620300293 603.707763672 727.081298828 947.508666992
eeg 865.259643555 603.707763672 727.081298828 842.229919434
eeg 838.940002441 708.98651123 832.360046387 842.229919434
eeg 838.940002441 603.707763672 727.081298828 736.951171875
eeg 786.300598145 708.98651123 832.360046387 1052.78747559
eeg 707.341552734 656.347167969 832.360046387 947.508666992
eeg 812.620300293 603.707763672 727.081298828 894.86932373
eeg 812.620300293 761.625915527 832.360046387 894.86932373
eeg 812.620300293 551.06842041 621.80255127 842.229919434
eeg 786.300598145 708.98651123 727.081298828 842.229919434
eeg 759.980895996 708.98651123 727.081298828 947.508666992
eeg 759.980895996 708.98651123 727.081298828 947.508666992
eeg 891.579345703 603.707763672 621.80255127 894.86932373
eeg 812.620300293 708.98651123 727.081298828 842.229919434
a nan nan nan nan
b nan nan nan nan
d nan nan nan nan
g nan nan nan nan
t nan nan nan nan
h 4.0 4.0 4.0 4.0
c 0.0
Aa 0.0 0.0 0.0 0.0
Ab 0.0 0.0 0.0 0.0
Ad 0.0 0.0 0.0 0.0
Ag 0.0 0.0 0.0 0.0
At 0.0 0.0 0.0 0.0
as 0.0 0.0 0.0 0.0
bs 0.0 0.0 0.0 0.0
ds 0.0 0.0 0.0 0.0
gs 0.0 0.0 0.0 0.0
ts 0.0 0.0 0.0 0.0
eeg 838.940002441 708.98651123 727.081298828 789.590576172
eeg 681.021850586 708.98651123 727.081298828 947.508666992
eeg 740.241149902 603.707763672 516.523803711 894.86932373
eeg 807.68536377 708.98651123 569.163208008 842.229919434
eeg 840.584960938 656.347167969 569.163208008 789.590576172
eeg 853.744812012 656.347167969 569.163208008 789.590576172
eeg 771.495788574 708.98651123 674.441955566 789.590576172
eeg 761.625915527 603.707763672 569.163208008 894.86932373
eeg 898.159240723 603.707763672 569.163208008 894.86932373
eeg 909.674133301 761.625915527 779.720703125 894.86932373
eeg 791.235534668 551.06842041 569.163208008 894.86932373
eeg 840.584960938 656.347167969 674.441955566 842.229919434
eeg 815.91027832 603.707763672 621.80255127 894.86932373
eeg 732.016235352 708.98651123 779.720703125 947.508666992
eeg 787.945556641 656.347167969 779.720703125 1000.14807129
eeg 806.040344238 656.347167969 727.081298828 894.86932373
eeg 802.750427246 708.98651123 727.081298828 947.508666992
eeg 814.265258789 551.06842041 569.163208008 789.590576172
eeg 787.945556641 656.347167969 674.441955566 947.508666992
eeg 814.265258789 445.789672852 569.163208008 1000.14807129
eeg 899.804260254 445.789672852 569.163208008 947.508666992
eeg 832.360046387 445.789672852 569.163208008 842.229919434
a nan nan nan nan
b nan nan nan nan
d nan nan nan nan
g nan nan nan nan
t nan nan nan nan
h 4.0 4.0 4.0 4.0
c 0.0
Aa 0.0 0.0 0.0 0.0
Ab 0.0 0.0 0.0 0.0
Ad 0.0 0.0 0.0 0.0
Ag 0.0 0.0 0.0 0.0
At 0.0 0.0 0.0 0.0
as 0.0 0.0 0.0 0.0
bs 0.0 0.0 0.0 0.0
ds 0.0 0.0 0.0 0.0
gs 0.0 0.0 0.0 0.0
ts 0.0 0.0 0.0 0.0
eeg 843.874938965 445.789672852 569.163208008 842.229919434
eeg 840.584960938 551.06842041 674.441955566 1000.14807129
eeg 733.661254883 551.06842041 674.441955566 947.508666992
eeg 815.91027832 445.789672852 463.884460449 947.508666992
eeg 817.555236816 656.347167969 674.441955566 842.229919434
eeg 792.880554199 551.06842041 569.163208008 894.86932373
eeg 807.68536377 551.06842041 569.163208008 842.229919434
eeg 792.880554199 656.347167969 674.441955566 947.508666992
eeg 853.744812012 551.06842041 569.163208008 947.508666992
eeg 901.44921875 656.347167969 674.441955566 842.229919434
eeg 781.365661621 656.347167969 674.441955566 842.229919434
eeg 834.005004883 551.06842041 463.884460449 789.590576172
eeg 834.005004883 761.625915527 779.720703125 1000.14807129
eeg 781.365661621 708.98651123 832.360046387 947.508666992
eeg 781.365661621 656.347167969 727.081298828 894.86932373
eeg 939.283752441 656.347167969 727.081298828 842.229919434
eeg 781.365661621 761.625915527 832.360046387 1052.78747559
eeg 728.726318359 761.625915527 832.360046387 894.86932373
eeg 781.365661621 656.347167969 727.081298828 1000.14807129
eeg 781.365661621 708.98651123 779.720703125 1000.14807129
eeg 886.64440918 603.707763672 621.80255127 894.86932373
eeg 834.005004883 708.98651123 727.081298828 947.508666992
a nan nan nan nan
b nan nan nan nan
d nan nan nan nan
g nan nan nan nan
t nan nan nan nan
h 4.0 4.0 4.0 4.0
c 0.0
Aa 0.0 0.0 0.0 0.0
Ab 0.0 0.0 0.0 0.0
Ad 0.0 0.0 0.0 0.0
Ag 0.0 0.0 0.0 0.0
At 0.0 0.0 0.0 0.0
as 0.0 0.0 0.0 0.0
bs 0.0 0.0 0.0 0.0
ds 0.0 0.0 0.0 0.0
gs 0.0 0.0 0.0 0.0
ts 0.0 0.0 0.0 0.0
eeg 781.365661621 761.625915527 832.360046387 894.86932373
eeg 728.726318359 708.98651123 779.720703125 1000.14807129
eeg 781.365661621 708.98651123 779.720703125 1000.14807129
eeg 781.365661621 708.98651123 727.081298828 1000.14807129
eeg 834.005004883 708.98651123 727.081298828 842.229919434
eeg 781.365661621 761.625915527 779.720703125 947.508666992
eeg 781.365661621 656.347167969 463.884460449 789.590576172
eeg 781.365661621 866.904663086 674.441955566 842.229919434
eeg 781.365661621 761.625915527 674.441955566 894.86932373
eeg 886.64440918 761.625915527 569.163208008 842.229919434
eeg 834.005004883 761.625915527 569.163208008 789.590576172
eeg 834.005004883 761.625915527 569.163208008 789.590576172
eeg 834.005004883 761.625915527 569.163208008 842.229919434
eeg 781.365661621 866.904663086 779.720703125 842.229919434
eeg 781.365661621 656.347167969 569.163208008 842.229919434
eeg 939.283752441 656.347167969 569.163208008 736.951171875
eeg 834.005004883 761.625915527 779.720703125 842.229919434
eeg 728.726318359 761.625915527 884.999450684 789.590576172
eeg 781.365661621 656.347167969 674.441955566 894.86932373
eeg 728.726318359 761.625915527 779.720703125 894.86932373
eeg 886.64440918 551.06842041 569.163208008 842.229919434
eeg 834.005004883 761.625915527 779.720703125 842.229919434
a nan nan nan nan
b nan nan nan nan
d nan nan nan nan
g nan nan nan nan
t nan nan nan nan
h 4.0 4.0 4.0 4.0
c 0.0
Aa 0.0 0.0 0.0 0.0
Ab 0.0 0.0 0.0 0.0
Ad 0.0 0.0 0.0 0.0
Ag 0.0 0.0 0.0 0.0
At 0.0 0.0 0.0 0.0
as 0.0 0.0 0.0 0.0
bs 0.0 0.0 0.0 0.0
ds 0.0 0.0 0.0 0.0
gs 0.0 0.0 0.0 0.0
ts 0.0 0.0 0.0 0.0
eeg 834.005004883 656.347167969 779.720703125 845.519897461
eeg 886.64440918 445.789672852 569.163208008 865.259643555
eeg 886.64440918 656.347167969 779.720703125 904.739196777
eeg 886.64440918 656.347167969 779.720703125 993.568115234
eeg 939.283752441 551.06842041 674.441955566 783.010620117
eeg 781.365661621 761.625915527 884.999450684 1138.32641602
eeg 781.365661621 551.06842041 569.163208008 891.579345703
eeg 834.005004883 656.347167969 569.163208008 937.638793945
eeg 991.923156738 656.347167969 569.163208008 960.668518066
eeg 939.283752441 761.625915527 779.720703125 898.159240723
eeg 676.086914062 761.625915527 884.999450684 868.549621582
eeg 781.365661621 551.06842041 674.441955566 901.44921875
eeg 728.726318359 551.06842041 674.441955566 934.348815918
eeg 886.64440918 445.789672852 463.884460449 878.419494629
eeg 886.64440918 656.347167969 674.441955566 901.44921875
eeg 886.64440918 656.347167969 674.441955566 786.300598145
eeg 886.64440918 551.06842041 674.441955566 786.300598145
eeg 886.64440918 708.98651123 779.720703125 786.300598145
eeg 939.283752441 656.347167969 779.720703125 944.218688965
eeg 939.283752441 656.347167969 779.720703125 891.579345703
eeg 1044.5625 603.707763672 674.441955566 838.940002441
eeg 939.283752441 708.98651123 779.720703125 838.940002441
a nan nan nan nan
b nan nan nan nan
d nan nan nan nan
g nan nan nan nan
t nan nan nan nan
h 4.0 4.0 4.0 4.0
c 0.0
Aa 0.0 0.0 0.0 0.0
Ab 0.0 0.0 0.0 0.0
Ad 0.0 0.0 0.0 0.0
Ag 0.0 0.0 0.0 0.0
At 0.0 0.0 0.0 0.0
as 0.0 0.0 0.0 0.0
bs 0.0 0.0 0.0 0.0
ds 0.0 0.0 0.0 0.0
gs 0.0 0.0 0.0 0.0
ts 0.0 0.0 0.0 0.0
eeg 939.283752441 603.707763672 674.441955566 838.940002441
eeg 991.923156738 708.98651123 779.720703125 996.858093262
eeg 991.923156738 708.98651123 779.720703125 996.858093262
eeg 939.283752441 551.06842041 569.163208008 838.940002441
eeg 1044.5625 708.98651123 674.441955566 786.300598145
eeg 886.64440918 708.98651123 674.441955566 1102.13684082
eeg 886.64440918 551.06842041 569.163208008 944.218688965
eeg 939.283752441 551.06842041 463.884460449 891.579345703
eeg 939.283752441 761.625915527 674.441955566 891.579345703
eeg 939.283752441 708.98651123 674.441955566 838.940002441
eeg 794.525512695 710.631530762 723.791320801 861.969726562
eeg 794.525512695 815.91027832 829.070068359 914.609069824
eeg 794.525512695 815.91027832 723.791320801 809.330322266
eeg 847.164855957 921.188964844 934.348815918 756.690979004
eeg 689.246765137 1026.46777344 1039.62756348 861.969726562
eeg 899.804260254 710.631530762 723.791320801 704.051574707
eeg 741.886108398 921.188964844 934.348815918 861.969726562
eeg 741.886108398 815.91027832 829.070068359 756.690979004
eeg 794.525512695 815.91027832 829.070068359 809.330322266
eeg 794.525512695 815.91027832 829.070068359 809.330322266
eeg 847.164855957 710.631530762 618.512634277 704.051574707
eeg 794.525512695 921.188964844 829.070068359 756.690979004
a nan nan nan nan
b nan nan nan nan
d nan nan nan nan
g nan nan nan nan
t nan nan nan nan
h 4.0 4.0 4.0 4.0
c 0.0
Aa 0.0 0.0 0.0 0.0
Ab 0.0 0.0 0.0 0.0
Ad 0.0 0.0 0.0 0.0
Ag 0.0 0.0 0.0 0.0
At 0.0 0.0 0.0 0.0
as 0.0 0.0 0.0 0.0
bs 0.0 0.0 0.0 0.0
ds 0.0 0.0 0.0 0.0
gs 0.0 0.0 0.0 0.0
ts 0.0 0.0 0.0 0.0
eeg 794.525512695 815.91027832 723.791320801 809.330322266
eeg 794.525512695 815.91027832 723.791320801 809.330322266
eeg 847.164855957 815.91027832 723.791320801 809.330322266
eeg 689.246765137 815.91027832 829.070068359 809.330322266
eeg 899.804260254 605.352783203 618.512634277 756.690979004
eeg 738.596191406 763.270874023 618.512634277 861.969726562
eeg 741.886108398 763.270874023 671.151977539 861.969726562
eeg 903.094238281 657.992126465 565.87322998 967.248413086
eeg 906.384155273 710.631530762 618.512634277 861.969726562
eeg 886.64440918 868.549621582 881.709472656 914.609069824
eeg 712.276489258 657.992126465 618.512634277 756.690979004
eeg 748.466064453 657.992126465 618.512634277 861.969726562
eeg 751.75604248 710.631530762 723.791320801 861.969726562
eeg 903.094238281 657.992126465 671.151977539 809.330322266
eeg 758.3359375 657.992126465 671.151977539 809.330322266
eeg 860.324707031 657.992126465 618.512634277 704.051574707
eeg 735.306213379 657.992126465 618.512634277 861.969726562
eeg 741.886108398 710.631530762 671.151977539 809.330322266
eeg 866.904663086 763.270874023 776.430725098 914.609069824
eeg 843.874938965 657.992126465 671.151977539 861.969726562
eeg 870.194580078 657.992126465 618.512634277 861.969726562
eeg 764.91583252 710.631530762 829.070068359 914.609069824
a nan nan nan nan
b nan nan nan nan
d nan nan nan nan
g nan nan nan nan
t nan nan nan nan
h 4.0 4.0 4.0 4.0
c 0.0
Aa 0.0 0.0 0.0 0.0
Ab 0.0 0.0 0.0 0.0
Ad 0.0 0.0 0.0 0.0
Ag 0.0 0.0 0.0 0.0
At 0.0 0.0 0.0 0.0
as 0.0 0.0 0.0 0.0
bs 0.0 0.0 0.0 0.0
ds 0.0 0.0 0.0 0.0
gs 0.0 0.0 0.0 0.0
ts 0.0 0.0 0.0 0.0
eeg 712.276489258 710.631530762 934.348815918 967.248413086
eeg 606.997741699 763.270874023 1039.62756348 1019.88781738
eeg 764.91583252 657.992126465 934.348815918 1019.88781738
eeg 554.358398438 763.270874023 934.348815918 809.330322266
eeg 764.91583252 500.074035645 618.512634277 809.330322266
eeg 712.276489258 763.270874023 934.348815918 1019.88781738
eeg 659.637145996 710.631530762 934.348815918 914.609069824
eeg 712.276489258 552.713378906 723.791320801 914.609069824
eeg 870.194580078 605.352783203 723.791320801 861.969726562
eeg 817.555236816 710.631530762 829.070068359 861.969726562
eeg 764.91583252 657.992126465 829.070068359 861.969726562
eeg 764.91583252 657.992126465 829.070068359 967.248413086
eeg 764.91583252 605.352783203 723.791320801 861.969726562
eeg 870.194580078 605.352783203 618.512634277 861.969726562
eeg 817.555236816 763.270874023 829.070068359 914.609069824
eeg 843.874938965 763.270874023 776.430725098 756.690979004
eeg 764.91583252 710.631530762 618.512634277 809.330322266
eeg 791.235534668 710.631530762 565.87322998 809.330322266
eeg 870.194580078 763.270874023 618.512634277 914.609069824
eeg 870.194580078 763.270874023 618.512634277 809.330322266
eeg 870.194580078 815.91027832 723.791320801 967.248413086
eeg 738.596191406 710.631530762 565.87322998 809.330322266
a nan nan nan nan
b nan nan nan nan
d nan nan nan nan
g nan nan nan nan
t nan nan nan nan
h 4.0 4.0 4.0 4.0
c 0.0
Aa 0.0 0.0 0.0 0.0
Ab 0.0 0.0 0.0 0.0
Ad 0.0 0.0 0.0 0.0
Ag 0.0 0.0 0.0 0.0
At 0.0 0.0 0.0 0.0
as 0.0 0.0 0.0 0.0
bs 0.0 0.0 0.0 0.0
ds 0.0 0.0 0.0 0.0
gs 0.0 0.0 0.0 0.0
ts 0.0 0.0 0.0 0.0
eeg 764.91583252 710.631530762 565.87322998 914.609069824
eeg 949.153686523 552.713378906 407.95513916 914.609069824
eeg 922.833984375 815.91027832 618.512634277 809.330322266
eeg 896.514282227 763.270874023 618.512634277 809.330322266
eeg 843.874938965 763.270874023 671.151977539 756.690979004
eeg 764.91583252 710.631530762 618.512634277 861.969726562
eeg 791.235534668 657.992126465 565.87322998 861.969726562
eeg 870.194580078 763.270874023 723.791320801 914.609069824
eeg 896.514282227 657.992126465 671.151977539 861.969726562
eeg 791.235534668 710.631530762 618.512634277 914.609069824
eeg 738.596191406 763.270874023 671.151977539 914.609069824
eeg 738.596191406 710.631530762 618.512634277 1072.52722168
eeg 843.874938965 710.631530762 618.512634277 1072.52722168
eeg 843.874938965 763.270874023 671.151977539 1019.88781738
eeg 738.596191406 763.270874023 671.151977539 967.248413086
eeg 738.596191406 763.270874023 618.512634277 914.609069824
eeg 633.317443848 921.188964844 829.070068359 1177.8059082
eeg 685.956787109 710.631530762 671.151977539 1072.52722168
eeg 528.038696289 710.631530762 671.151977539 967.248413086
eeg 738.596191406 657.992126465 618.512634277 967.248413086
eeg 685.956787109 657.992126465 618.512634277 914.609069824
eeg 685.956787109 710.631530762 723.791320801 914.609069824
a nan nan nan nan
b nan nan nan nan
d nan nan nan nan
g nan nan nan nan
t nan nan nan nan
h 4.0 4.0 4.0 4.0
c 0.0
Aa 0.0 0.0 0.0 0.0
Ab 0.0 0.0 0.0 0.0
Ad 0.0 0.0 0.0 0.0
Ag 0.0 0.0 0.0 0.0
At 0.0 0.0 0.0 0.0
as 0.0 0.0 0.0 0.0
bs 0.0 0.0 0.0 0.0
ds 0.0 0.0 0.0 0.0
gs 0.0 0.0 0.0 0.0
ts 0.0 0.0 0.0 0.0
eeg 738.596191406 710.631530762 671.151977539 1072.52722168
eeg 896.514282227 605.352783203 618.512634277 1072.52722168
eeg 896.514282227 868.549621582 881.709472656 1125.16650391
eeg 843.874938965 447.434661865 460.594482422 861.969726562
eeg 764.91583252 657.992126465 776.430725098 861.969726562
eeg 764.91583252 447.434661865 565.87322998 1072.52722168
eeg 764.91583252 552.713378906 671.151977539 1019.88781738
eeg 843.874938965 447.434661865 671.151977539 1019.88781738
eeg 791.235534668 552.713378906 776.430725098 914.609069824
eeg 738.596191406 552.713378906 776.430725098 1019.88781738
eeg 738.596191406 447.434661865 671.151977539 967.248413086
eeg 738.596191406 552.713378906 671.151977539 1072.52722168
eeg 712.276489258 552.713378906 671.151977539 1072.52722168
eeg 896.514282227 447.434661865 460.594482422 1072.52722168
eeg 870.194580078 447.434661865 460.594482422 914.609069824
eeg 843.874938965 657.992126465 776.430725098 914.609069824
eeg 896.514282227 342.155914307 460.594482422 914.609069824
eeg 791.235534668 763.270874023 881.709472656 914.609069824
eeg 922.833984375 552.713378906 671.151977539 1072.52722168
eeg 922.833984375 552.713378906 776.430725098 914.609069824
eeg 817.555236816 552.713378906 671.151977539 914.609069824
eeg 817.555236816 657.992126465 776.430725098 914.609069824
a nan nan nan nan
b nan nan nan nan
d nan nan nan nan
g nan nan nan nan
t nan nan nan nan
h 4.0 4.0 4.0 4.0
c 0.0
Aa 0.0 0.0 0.0 0.0
Ab 0.0 0.0 0.0 0.0
Ad 0.0 0.0 0.0 0.0
Ag 0.0 0.0 0.0 0.0
At 0.0 0.0 0.0 0.0
as 0.0 0.0 0.0 0.0
bs 0.0 0.0 0.0 0.0
ds 0.0 0.0 0.0 0.0
gs 0.0 0.0 0.0 0.0
ts 0.0 0.0 0.0 0.0
eeg 817.555236816 552.713378906 671.151977539 1125.16650391
eeg 764.91583252 657.992126465 776.430725098 1125.16650391
eeg 922.833984375 552.713378906 671.151977539 1177.8059082
eeg 817.555236816 552.713378906 565.87322998 861.969726562
eeg 817.555236816 763.270874023 776.430725098 861.969726562
eeg 922.833984375 552.713378906 460.594482422 914.609069824
eeg 817.555236816 973.828369141 881.709472656 914.609069824
eeg 870.194580078 657.992126465 671.151977539 1019.88781738
eeg 922.833984375 657.992126465 671.151977539 809.330322266
eeg 764.91583252 657.992126465 671.151977539 861.969726562
eeg 712.276489258 763.270874023 881.709472656 809.330322266
eeg 764.91583252 657.992126465 776.430725098 967.248413086
eeg 764.91583252 657.992126465 776.430725098 967.248413086
eeg 975.473327637 657.992126465 776.430725098 914.609069824
eeg 975.473327637 657.992126465 881.709472656 914.609069824
eeg 922.833984375 763.270874023 986.988220215 861.969726562
eeg 1028.1126709 657.992126465 776.430725098 967.248413086
eeg 922.833984375 868.549621582 1092.26696777 967.248413086
eeg 975.473327637 552.713378906 776.430725098 1019.88781738
eeg 975.473327637 763.270874023 881.709472656 861.969726562
eeg 870.194580078 763.270874023 881.709472656 1125.16650391
eeg 870.194580078 552.713378906 565.87322998 914.609069824
a nan nan nan nan
b nan nan nan nan
d nan nan nan nan
g nan nan nan nan
t nan nan nan nan
h 4.0 4.0 4.0 4.0
c 0.0
Aa 0.0 0.0 0.0 0.0
Ab 0.0 0.0 0.0 0.0
Ad 0.0 0.0 0.0 0.0
Ag 0.0 0.0 0.0 0.0
At 0.0 0.0 0.0 0.0
as 0.0 0.0 0.0 0.0
bs 0.0 0.0 0.0 0.0
ds 0.0 0.0 0.0 0.0
gs 0.0 0.0 0.0 0.0
ts 0.0 0.0 0.0 0.0
eeg 870.194580078 657.992126465 671.151977539 967.248413086
eeg 975.473327637 657.992126465 671.151977539 1019.88781738
eeg 975.473327637 763.270874023 881.709472656 967.248413086
eeg 712.276489258 763.270874023 881.709472656 914.609069824
eeg 817.555236816 657.992126465 671.151977539 914.609069824
eeg 817.555236816 657.992126465 671.151977539 914.609069824
eeg 870.194580078 763.270874023 671.151977539 914.609069824
eeg 899.804260254 672.796936035 710.631530762 1003.43798828
eeg 899.804260254 672.796936035 605.352783203 792.880554199
eeg 794.525512695 567.518188477 500.074035645 845.519897461
eeg 768.205810547 672.796936035 605.352783203 792.880554199
eeg 820.845214844 672.796936035 605.352783203 950.79864502
eeg 794.525512695 672.796936035 710.631530762 950.79864502
eeg 952.443603516 672.796936035 710.631530762 1056.07739258
eeg 899.804260254 462.239471436 394.795288086 792.880554199
eeg 847.164855957 778.075683594 710.631530762 845.519897461
eeg 873.484558105 567.518188477 500.074035645 845.519897461
eeg 873.484558105 672.796936035 605.352783203 845.519897461
eeg 873.484558105 672.796936035 605.352783203 898.159240723
eeg 899.804260254 672.796936035 605.352783203 792.880554199
eeg 741.886108398 778.075683594 815.91027832 950.79864502
eeg 794.525512695 567.518188477 605.352783203 792.880554199
a nan nan nan nan
b nan nan nan nan
d nan nan nan nan
g nan nan nan nan
t nan nan nan nan
h 4.0 4.0 4.0 4.0
c 0.0
Aa 0.0 0.0 0.0 0.0
Ab 0.0 0.0 0.0 0.0
Ad 0.0 0.0 0.0 0.0
Ag 0.0 0.0 0.0 0.0
At 0.0 0.0 0.0 0.0
as 0.0 0.0 0.0 0.0
bs 0.0 0.0 0.0 0.0
ds 0.0 0.0 0.0 0.0
gs 0.0 0.0 0.0 0.0
ts 0.0 0.0 0.0 0.0
eeg 820.845214844 778.075683594 815.91027832 950.79864502
eeg 952.443603516 567.518188477 605.352783203 950.79864502
eeg 952.443603516 778.075683594 815.91027832 871.839599609
eeg 794.525512695 988.633178711 1026.46777344 871.839599609
eeg 794.525512695 988.633178711 1026.46777344 871.839599609
eeg 689.246765137 1093.9119873 1131.74645996 1029.75769043
eeg 899.804260254 778.075683594 815.91027832 1003.43798828
eeg 899.804260254 988.633178711 921.188964844 950.79864502
eeg 899.804260254 988.633178711 921.188964844 819.200195312
eeg 794.525512695 988.633178711 921.188964844 950.79864502
eeg 741.886108398 883.354431152 815.91027832 871.839599609
eeg 794.525512695 883.354431152 815.91027832 950.79864502
eeg 952.443603516 778.075683594 710.631530762 950.79864502
eeg 952.443603516 883.354431152 710.631530762 819.200195312
eeg 741.886108398 988.633178711 921.188964844 871.839599609
eeg 741.886108398 672.796936035 605.352783203 871.839599609
eeg 899.804260254 672.796936035 605.352783203 898.159240723
eeg 899.804260254 778.075683594 815.91027832 898.159240723
eeg 899.804260254 672.796936035 710.631530762 845.519897461
eeg 899.804260254 778.075683594 710.631530762 740.241149902
eeg 741.886108398 883.354431152 921.188964844 950.79864502
eeg 794.525512695 567.518188477 605.352783203 845.519897461
a nan nan nan nan
b nan nan nan nan
d nan nan nan nan
g nan nan nan nan
t nan nan nan nan
h 4.0 4.0 4.0 4.0
c 0.0
Aa 0.0 0.0 0.0 0.0
Ab 0.0 0.0 0.0 0.0
Ad 0.0 0.0 0.0 0.0
Ag 0.0 0.0 0.0 0.0
At 0.0 0.0 0.0 0.0
as 0.0 0.0 0.0 0.0
bs 0.0 0.0 0.0 0.0
ds 0.0 0.0 0.0 0.0
gs 0.0 0.0 0.0 0.0
ts 0.0 0.0 0.0 0.0
eeg 794.525512695 778.075683594 815.91027832 950.79864502
eeg 741.886108398 778.075683594 815.91027832 950.79864502
eeg 899.804260254 778.075683594 815.91027832 1108.71679688
eeg 847.164855957 672.796936035 710.631530762 898.159240723
eeg 794.525512695 883.354431152 921.188964844 950.79864502
eeg 847.164855957 567.518188477 605.352783203 950.79864502
eeg 847.164855957 778.075683594 815.91027832 898.159240723
eeg 741.886108398 778.075683594 815.91027832 950.79864502
eeg 899.804260254 567.518188477 605.352783203 792.880554199
eeg 794.525512695 672.796936035 605.352783203 845.519897461
eeg 689.246765137 778.075683594 710.631530762 845.519897461
eeg 794.525512695 672.796936035 710.631530762 1003.43798828
eeg 952.443603516 672.796936035 605.352783203 1003.43798828
eeg 899.804260254 778.075683594 710.631530762 1371.91357422
eeg 847.164855957 567.518188477 394.795288086 950.79864502
eeg 794.525512695 567.518188477 289.516540527 1056.07739258
eeg 636.607421875 883.354431152 710.631530762 1056.07739258
eeg 899.804260254 462.239471436 289.516540527 898.159240723
eeg 899.804260254 672.796936035 500.074035645 950.79864502
eeg 952.443603516 672.796936035 500.074035645 845.519897461
eeg 952.443603516 567.518188477 394.795288086 845.519897461
eeg 741.886108398 883.354431152 815.91027832 845.519897461
a nan nan nan nan
b nan nan nan nan
d nan nan nan nan
g nan nan nan nan
t nan nan nan nan
h 4.0 4.0 4.0 4.0
c 0.0
Aa 0.0 0.0 0.0 0.0
Ab 0.0 0.0 0.0 0.0
Ad 0.0 0.0 0.0 0.0
Ag 0.0 0.0 0.0 0.0
At 0.0 0.0 0.0 0.0
as 0.0 0.0 0.0 0.0
bs 0.0 0.0 0.0 0.0
ds 0.0 0.0 0.0 0.0
gs 0.0 0.0 0.0 0.0
ts 0.0 0.0 0.0 0.0
eeg 899.804260254 672.796936035 605.352783203 1003.43798828
eeg 1005.08300781 672.796936035 605.352783203 898.159240723
eeg 952.443603516 672.796936035 605.352783203 898.159240723
eeg 794.525512695 778.075683594 710.631530762 898.159240723
eeg 794.525512695 672.796936035 605.352783203 950.79864502
eeg 899.804260254 672.796936035 605.352783203 950.79864502
eeg 952.443603516 883.354431152 815.91027832 950.79864502
eeg 899.804260254 883.354431152 815.91027832 950.79864502
eeg 899.804260254 883.354431152 868.549621582 845.519897461
eeg 662.927062988 883.354431152 921.188964844 1003.43798828
eeg 847.164855957 672.796936035 605.352783203 950.79864502
eeg 847.164855957 778.075683594 657.992126465 1003.43798828
eeg 873.484558105 778.075683594 763.270874023 1003.43798828
eeg 873.484558105 778.075683594 763.270874023 1003.43798828
eeg 820.845214844 672.796936035 605.352783203 845.519897461
eeg 768.205810547 778.075683594 657.992126465 950.79864502
eeg 899.804260254 778.075683594 657.992126465 1003.43798828
eeg 899.804260254 883.354431152 868.549621582 898.159240723
eeg 794.525512695 778.075683594 763.270874023 898.159240723
eeg 847.164855957 672.796936035 605.352783203 792.880554199
eeg 820.845214844 672.796936035 605.352783203 898.159240723
eeg 715.566467285 778.075683594 815.91027832 898.159240723
a nan nan nan nan
b nan nan nan nan
d nan nan nan nan
g nan nan nan nan
t nan nan nan nan
h 4.0 4.0 4.0 4.0
c 0.0
Aa 0.0 0.0 0.0 0.0
Ab 0.0 0.0 0.0 0.0
Ad 0.0 0.0 0.0 0.0
Ag 0.0 0.0 0.0 0.0
At 0.0 0.0 0.0 0.0
as 0.0 0.0 0.0 0.0
bs 0.0 0.0 0.0 0.0
ds 0.0 0.0 0.0 0.0
gs 0.0 0.0 0.0 0.0
ts 0.0 0.0 0.0 0.0
eeg 873.484558105 778.075683594 815.91027832 950.79864502
eeg 978.763305664 672.796936035 710.631530762 845.519897461
eeg 926.123962402 725.436340332 710.631530762 898.159240723
eeg 873.484558105 778.075683594 815.91027832 845.519897461
eeg 873.484558105 725.436340332 815.91027832 950.79864502
eeg 715.566467285 883.354431152 1026.46777344 950.79864502
eeg 1031.40270996 567.518188477 710.631530762 950.79864502
eeg 873.484558105 725.436340332 815.91027832 792.880554199
eeg 926.123962402 725.436340332 815.91027832 792.880554199
eeg 926.123962402 567.518188477 605.352783203 898.159240723
eeg 768.205810547 935.993835449 921.188964844 898.159240723
eeg 873.484558105 672.796936035 710.631530762 1003.43798828
eeg 873.484558105 672.796936035 710.631530762 898.159240723
eeg 820.845214844 672.796936035 710.631530762 950.79864502
eeg 768.205810547 672.796936035 710.631530762 845.519897461
eeg 768.205810547 620.157592773 605.352783203 1003.43798828
eeg 820.845214844 830.715087891 868.549621582 950.79864502
eeg 978.763305664 620.157592773 605.352783203 845.519897461
eeg 873.484558105 725.436340332 710.631530762 792.880554199
eeg 926.123962402 725.436340332 710.631530762 687.601806641
eeg 820.845214844 778.075683594 763.270874023 950.79864502
eeg 820.845214844 620.157592773 552.713378906 898.159240723
a nan nan nan nan
b nan nan nan nan
d nan nan nan nan
g nan nan nan nan
t nan nan nan nan
h 4.0 4.0 4.0 4.0
c 0.0
Aa 0.0 0.0 0.0 0.0
Ab 0.0 0.0 0.0 0.0
Ad 0.0 0.0 0.0 0.0
Ag 0.0 0.0 0.0 0.0
At 0.0 0.0 0.0 0.0
as 0.0 0.0 0.0 0.0
bs 0.0 0.0 0.0 0.0
ds 0.0 0.0 0.0 0.0
gs 0.0 0.0 0.0 0.0
ts 0.0 0.0 0.0 0.0
eeg 873.484558105 725.436340332 710.631530762 898.159240723
eeg 926.123962402 725.436340332 710.631530762 845.519897461
eeg 873.484558105 672.796936035 605.352783203 845.519897461
eeg 820.845214844 935.993835449 921.188964844 845.519897461
eeg 820.845214844 672.796936035 657.992126465 1003.43798828
eeg 926.123962402 725.436340332 657.992126465 950.79864502
eeg 978.763305664 778.075683594 710.631530762 898.159240723
eeg 820.845214844 778.075683594 763.270874023 898.159240723
eeg 820.845214844 672.796936035 657.992126465 845.519897461
eeg 820.845214844 672.796936035 657.992126465 950.79864502
eeg 794.525512695 725.436340332 763.270874023 898.159240723
eeg 794.525512695 620.157592773 657.992126465 845.519897461
eeg 847.164855957 672.796936035 657.992126465 792.880554199
eeg 689.246765137 778.075683594 868.549621582 1108.71679688
eeg 662.927062988 567.518188477 657.992126465 792.880554199
eeg 689.246765137 672.796936035 657.992126465 898.159240723
eeg 531.328674316 725.436340332 763.270874023 950.79864502
eeg 847.164855957 514.878845215 552.713378906 845.519897461
eeg 768.205810547 514.878845215 552.713378906 845.519897461
eeg 768.205810547 725.436340332 763.270874023 792.880554199
eeg 768.205810547 409.600097656 447.434661865 792.880554199
eeg 768.205810547 725.436340332 657.992126465 845.519897461
a nan nan nan nan
b nan nan nan nan
d nan nan nan nan
g nan nan nan nan
t nan nan nan nan
h 4.0 4.0 4.0 4.0
c 0.0
Aa 0.0 0.0 0.0 0.0
Ab 0.0 0.0 0.0 0.0
Ad 0.0 0.0 0.0 0.0
Ag 0.0 0.0 0.0 0.0
At 0.0 0.0 0.0 0.0
as 0.0 0.0 0.0 0.0
bs 0.0 0.0 0.0 0.0
ds 0.0 0.0 0.0 0.0
gs 0.0 0.0 0.0 0.0
ts 0.0 0.0 0.0 0.0
eeg 741.886108398 725.436340332 657.992126465 950.79864502
eeg 794.525512695 725.436340332 657.992126465 845.519897461
eeg 768.205810547 725.436340332 657.992126465 1108.71679688
eeg 794.525512695 462.239471436 342.155914307 845.519897461
eeg 804.395385742 861.969726562 829.070068359 1049.49743652
eeg 962.313476562 546.133483887 618.512634277 944.218688965
eeg 962.313476562 861.969726562 934.348815918 733.661254883
eeg 857.034729004 861.969726562 934.348815918 838.940002441
eeg 909.674133301 756.690979004 723.791320801 733.661254883
eeg 804.395385742 967.248413086 1039.62756348 944.218688965
eeg 857.034729004 651.412231445 723.791320801 944.218688965
eeg 857.034729004 651.412231445 723.791320801 944.218688965
eeg 962.313476562 651.412231445 723.791320801 944.218688965
eeg 857.034729004 651.412231445 829.070068359 944.218688965
eeg 699.116638184 756.690979004 934.348815918 838.940002441
eeg 751.75604248 651.412231445 829.070068359 944.218688965
eeg 804.395385742 546.133483887 618.512634277 944.218688965
eeg 857.034729004 651.412231445 618.512634277 838.940002441
eeg 804.395385742 651.412231445 618.512634277 944.218688965
eeg 804.395385742 651.412231445 618.512634277 838.940002441
eeg 857.034729004 651.412231445 618.512634277 944.218688965
eeg 804.395385742 651.412231445 618.512634277 891.579345703
a nan nan nan nan
b nan nan nan nan
d nan nan nan nan
g nan nan nan nan
t nan nan nan nan
h 4.0 4.0 4.0 4.0
c 0.0
Aa 0.0 0.0 0.0 0.0
Ab 0.0 0.0 0.0 0.0
Ad 0.0 0.0 0.0 0.0
Ag 0.0 0.0 0.0 0.0
At 0.0 0.0 0.0 0.0
as 0.0 0.0 0.0 0.0
bs 0.0 0.0 0.0 0.0
ds 0.0 0.0 0.0 0.0
gs 0.0 0.0 0.0 0.0
ts 0.0 0.0 0.0 0.0
eeg 778.075683594 546.133483887 513.233886719 891.579345703
eeg 778.075683594 546.133483887 618.512634277 786.300598145
eeg 672.796936035 546.133483887 618.512634277 996.858093262
eeg 725.436340332 546.133483887 618.512634277 891.579345703
eeg 725.436340332 546.133483887 513.233886719 944.218688965
eeg 699.116638184 756.690979004 723.791320801 996.858093262
eeg 883.354431152 651.412231445 618.512634277 996.858093262
eeg 830.715087891 651.412231445 513.233886719 891.579345703
eeg 830.715087891 861.969726562 723.791320801 891.579345703
eeg 935.993835449 546.133483887 407.95513916 891.579345703
eeg 804.395385742 861.969726562 829.070068359 891.579345703
eeg 909.674133301 546.133483887 513.233886719 891.579345703
eeg 857.034729004 756.690979004 723.791320801 786.300598145
eeg 725.436340332 756.690979004 723.791320801 891.579345703
eeg 751.75604248 651.412231445 618.512634277 838.940002441
eeg 751.75604248 756.690979004 723.791320801 996.858093262
eeg 909.674133301 440.854736328 197.397644043 891.579345703
eeg 857.034729004 861.969726562 618.512634277 838.940002441
eeg 699.116638184 756.690979004 618.512634277 786.300598145
eeg 699.116638184 756.690979004 618.512634277 786.300598145
eeg 541.198547363 861.969726562 829.070068359 891.579345703
eeg 804.395385742 546.133483887 407.95513916 891.579345703
a nan nan nan nan
b nan nan nan nan
d nan nan nan nan
g nan nan nan nan
t nan nan nan nan
h 4.0 4.0 4.0 4.0
c 0.0
Aa 0.0 0.0 0.0 0.0
Ab 0.0 0.0 0.0 0.0
Ad 0.0 0.0 0.0 0.0
Ag 0.0 0.0 0.0 0.0
At 0.0 0.0 0.0 0.0
as 0.0 0.0 0.0 0.0
bs 0.0 0.0 0.0 0.0
ds 0.0 0.0 0.0 0.0
gs 0.0 0.0 0.0 0.0
ts 0.0 0.0 0.0 0.0
eeg 751.75604248 756.690979004 618.512634277 891.579345703
eeg 909.674133301 651.412231445 513.233886719 786.300598145
eeg 857.034729004 651.412231445 513.233886719 838.940002441
eeg 699.116638184 861.969726562 829.070068359 786.300598145
eeg 804.395385742 651.412231445 618.512634277 944.218688965
eeg 857.034729004 651.412231445 618.512634277 891.579345703
eeg 857.034729004 651.412231445 618.512634277 838.940002441
eeg 804.395385742 651.412231445 618.512634277 786.300598145
eeg 751.75604248 651.412231445 618.512634277 838.940002441
eeg 751.75604248 861.969726562 934.348815918 1049.49743652
eeg 857.034729004 651.412231445 723.791320801 944.218688965
eeg 751.75604248 756.690979004 829.070068359 944.218688965
eeg 962.313476562 651.412231445 723.791320801 786.300598145
eeg 857.034729004 651.412231445 723.791320801 891.579345703
eeg 751.75604248 861.969726562 934.348815918 838.940002441
eeg 857.034729004 651.412231445 723.791320801 944.218688965
eeg 857.034729004 756.690979004 829.070068359 944.218688965
eeg 857.034729004 651.412231445 723.791320801 944.218688965
eeg 751.75604248 651.412231445 723.791320801 838.940002441
eeg 751.75604248 651.412231445 829.070068359 838.940002441
eeg 857.034729004 546.133483887 618.512634277 891.579345703
eeg 857.034729004 861.969726562 934.348815918 891.579345703
a nan nan nan nan
b nan nan nan nan
d nan nan nan nan
g nan nan nan nan
t nan nan nan nan
h 4.0 4.0 4.0 4.0
c 0.0
Aa 0.0 0.0 0.0 0.0
Ab 0.0 0.0 0.0 0.0
Ad 0.0 0.0 0.0 0.0
Ag 0.0 0.0 0.0 0.0
At 0.0 0.0 0.0 0.0
as 0.0 0.0 0.0 0.0
bs 0.0 0.0 0.0 0.0
ds 0.0 0.0 0.0 0.0
gs 0.0 0.0 0.0 0.0
ts 0.0 0.0 0.0 0.0
eeg 857.034729004 756.690979004 829.070068359 891.579345703
eeg 857.034729004 756.690979004 829.070068359 786.300598145
eeg 646.477294922 756.690979004 829.070068359 1049.49743652
eeg 646.477294922 704.051574707 723.791320801 891.579345703
eeg 646.477294922 704.051574707 723.791320801 944.218688965
eeg 751.75604248 704.051574707 723.791320801 944.218688965
eeg 751.75604248 756.690979004 776.430725098 838.940002441
eeg 646.477294922 756.690979004 829.070068359 838.940002441
eeg 646.477294922 704.051574707 776.430725098 838.940002441
eeg 541.198547363 861.969726562 986.988220215 944.218688965
eeg 751.75604248 598.772827148 671.151977539 944.218688965
eeg 751.75604248 756.690979004 723.791320801 838.940002441
eeg 857.034729004 651.412231445 618.512634277 786.300598145
eeg 857.034729004 651.412231445 618.512634277 838.940002441
eeg 751.75604248 914.609069824 986.988220215 838.940002441
eeg 857.034729004 598.772827148 671.151977539 944.218688965
eeg 857.034729004 598.772827148 671.151977539 891.579345703
eeg 857.034729004 704.051574707 776.430725098 944.218688965
eeg 751.75604248 704.051574707 776.430725098 838.940002441
eeg 778.075683594 598.772827148 776.430725098 891.579345703
eeg 909.674133301 598.772827148 671.151977539 891.579345703
eeg 935.993835449 704.051574707 776.430725098 838.940002441
a nan nan nan nan
b nan nan nan nan
d nan nan nan nan
g nan nan nan nan
t nan nan nan nan
h 4.0 4.0 4.0 4.0
c 0.0
Aa 0.0 0.0 0.0 0.0
Ab 0.0 0.0 0.0 0.0
Ad 0.0 0.0 0.0 0.0
Ag 0.0 0.0 0.0 0.0
At 0.0 0.0 0.0 0.0
as 0.0 0.0 0.0 0.0
bs 0.0 0.0 0.0 0.0
ds 0.0 0.0 0.0 0.0
gs 0.0 0.0 0.0 0.0
ts 0.0 0.0 0.0 0.0
eeg 857.034729004 598.772827148 671.151977539 891.579345703
eeg 883.354431152 704.051574707 776.430725098 786.300598145
eeg 646.477294922 704.051574707 776.430725098 1049.49743652
eeg 804.395385742 388.215362549 355.315765381 891.579345703
eeg 804.395385742 809.330322266 776.430725098 891.579345703
eeg 909.674133301 493.494110107 565.87322998 891.579345703
eeg 909.674133301 704.051574707 671.151977539 838.940002441
eeg 804.395385742 704.051574707 776.430725098 891.579345703
eeg 804.395385742 598.772827148 671.151977539 944.218688965
eeg 909.674133301 598.772827148 671.151977539 944.218688965
eeg 935.993835449 704.051574707 776.430725098 891.579345703
eeg 830.715087891 704.051574707 776.430725098 891.579345703
eeg 857.034729004 704.051574707 776.430725098 786.300598145
eeg 751.75604248 598.772827148 565.87322998 891.579345703
eeg 751.75604248 704.051574707 565.87322998 891.579345703
eeg 857.034729004 704.051574707 565.87322998 996.858093262
eeg 857.034729004 704.051574707 565.87322998 944.218688965
eeg 857.034729004 809.330322266 671.151977539 944.218688965
eeg 804.395385742 809.330322266 671.151977539 838.940002441
eeg 804.395385742 809.330322266 671.151977539 891.579345703
eeg 751.75604248 914.609069824 881.709472656 996.858093262
eeg 962.313476562 598.772827148 565.87322998 996.858093262
a nan nan nan nan
b nan nan nan nan
d nan nan nan nan
g nan nan nan nan
t nan nan nan nan
h 4.0 4.0 4.0 4.0
c 0.0
Aa 0.0 0.0 0.0 0.0
Ab 0.0 0.0 0.0 0.0
Ad 0.0 0.0 0.0 0.0
Ag 0.0 0.0 0.0 0.0
At 0.0 0.0 0.0 0.0
as 0.0 0.0 0.0 0.0
bs 0.0 0.0 0.0 0.0
ds 0.0 0.0 0.0 0.0
gs 0.0 0.0 0.0 0.0
ts 0.0 0.0 0.0 0.0
eeg 857.034729004 598.772827148 565.87322998 786.300598145
eeg 857.034729004 598.772827148 671.151977539 786.300598145
eeg 857.034729004 493.494110107 565.87322998 891.579345703
eeg 804.395385742 704.051574707 776.430725098 838.940002441
eeg 1014.95288086 493.494110107 565.87322998 891.579345703
eeg 751.75604248 809.330322266 881.709472656 838.940002441
eeg 857.034729004 598.772827148 671.151977539 838.940002441
eeg 751.75604248 704.051574707 776.430725098 786.300598145
eeg 751.75604248 914.609069824 881.709472656 838.940002441
eeg 909.674133301 598.772827148 565.87322998 838.940002441
eeg 857.034729004 1019.88781738 986.988220215 838.940002441
eeg 751.75604248 809.330322266 776.430725098 733.661254883
eeg 804.395385742 809.330322266 776.430725098 681.021850586
eeg 593.837890625 809.330322266 881.709472656 838.940002441
eeg 699.116638184 598.772827148 565.87322998 786.300598145
eeg 699.116638184 809.330322266 776.430725098 838.940002441
eeg 857.034729004 598.772827148 565.87322998 786.300598145
eeg 804.395385742 704.051574707 671.151977539 786.300598145
eeg 699.116638184 809.330322266 776.430725098 733.661254883
eeg 751.75604248 598.772827148 565.87322998 891.579345703
eeg 857.034729004 598.772827148 565.87322998 891.579345703
eeg 909.674133301 704.051574707 671.151977539 838.940002441
a nan nan nan nan
b nan nan nan nan
d nan nan nan nan
g nan nan nan nan
t nan nan nan nan
h 4.0 4.0 4.0 4.0
c 0.0
Aa 0.0 0.0 0.0 0.0
Ab 0.0 0.0 0.0 0.0
Ad 0.0 0.0 0.0 0.0
Ag 0.0 0.0 0.0 0.0
At 0.0 0.0 0.0 0.0
as 0.0 0.0 0.0 0.0
bs 0.0 0.0 0.0 0.0
ds 0.0 0.0 0.0 0.0
gs 0.0 0.0 0.0 0.0
ts 0.0 0.0 0.0 0.0
eeg 909.674133301 598.772827148 565.87322998 838.940002441
eeg 814.265258789 776.430725098 784.655639648 779.720703125
eeg 735.306213379 723.791320801 837.29498291 1042.91748047
eeg 735.306213379 513.233886719 679.37689209 937.638793945
eeg 735.306213379 671.151977539 837.29498291 937.638793945
eeg 735.306213379 618.512634277 837.29498291 884.999450684
eeg 761.625915527 618.512634277 837.29498291 990.278137207
eeg 761.625915527 460.594482422 626.737487793 884.999450684
eeg 761.625915527 723.791320801 942.573730469 1042.91748047
eeg 893.224304199 355.315765381 521.458740234 990.278137207
eeg 866.904663086 723.791320801 889.934387207 937.638793945
eeg 708.98651123 671.151977539 889.934387207 937.638793945
eeg 787.945556641 513.233886719 626.737487793 832.360046387
eeg 787.945556641 618.512634277 679.37689209 990.278137207
eeg 761.625915527 671.151977539 784.655639648 937.638793945
eeg 814.265258789 618.512634277 732.016235352 937.638793945
eeg 919.544006348 618.512634277 679.37689209 832.360046387
eeg 761.625915527 618.512634277 626.737487793 832.360046387
eeg 814.265258789 829.070068359 837.29498291 779.720703125
eeg 866.904663086 723.791320801 837.29498291 884.999450684
eeg 919.544006348 723.791320801 837.29498291 832.360046387
eeg 972.183410645 829.070068359 942.573730469 832.360046387
a nan nan nan nan
b nan nan nan nan
d nan nan nan nan
g nan nan nan nan
t nan nan nan nan
h 4.0 4.0 4.0 4.0
c 0.0
Aa 0.0 0.0 0.0 0.0
Ab 0.0 0.0 0.0 0.0
Ad 0.0 0.0 0.0 0.0
Ag 0.0 0.0 0.0 0.0
At 0.0 0.0 0.0 0.0
as 0.0 0.0 0.0 0.0
bs 0.0 0.0 0.0 0.0
ds 0.0 0.0 0.0 0.0
gs 0.0 0.0 0.0 0.0
ts 0.0 0.0 0.0 0.0
eeg 814.265258789 723.791320801 837.29498291 727.081298828
eeg 814.265258789 829.070068359 942.573730469 727.081298828
eeg 708.98651123 829.070068359 942.573730469 937.638793945
eeg 814.265258789 513.233886719 521.458740234 884.999450684
eeg 972.183410645 723.791320801 732.016235352 884.999450684
eeg 866.904663086 723.791320801 837.29498291 832.360046387
eeg 866.904663086 723.791320801 837.29498291 884.999450684
eeg 814.265258789 618.512634277 732.016235352 832.360046387
eeg 814.265258789 618.512634277 732.016235352 990.278137207
eeg 919.544006348 513.233886719 626.737487793 937.638793945
eeg 919.544006348 723.791320801 837.29498291 937.638793945
eeg 761.625915527 723.791320801 837.29498291 884.999450684
eeg 774.785766602 723.791320801 1047.85253906 884.999450684
eeg 797.815490723 829.070068359 1047.85253906 1042.91748047
eeg 810.975280762 934.348815918 1047.85253906 990.278137207
eeg 804.395385742 934.348815918 1047.85253906 990.278137207
eeg 771.495788574 1039.62756348 1047.85253906 884.999450684
eeg 728.726318359 829.070068359 837.29498291 884.999450684
eeg 804.395385742 829.070068359 837.29498291 884.999450684
eeg 801.105407715 934.348815918 1047.85253906 1042.91748047
eeg 922.833984375 723.791320801 837.29498291 1042.91748047
eeg 912.964111328 934.348815918 1047.85253906 1306.11437988
a nan nan nan nan
b nan nan nan nan
d nan nan nan nan
g nan nan nan nan
t nan nan nan nan
h 4.0 4.0 4.0 4.0
c 0.0
Aa 0.0 0.0 0.0 0.0
Ab 0.0 0.0 0.0 0.0
Ad 0.0 0.0 0.0 0.0
Ag 0.0 0.0 0.0 0.0
At 0.0 0.0 0.0 0.0
as 0.0 0.0 0.0 0.0
bs 0.0 0.0 0.0 0.0
ds 0.0 0.0 0.0 0.0
gs 0.0 0.0 0.0 0.0
ts 0.0 0.0 0.0 0.0
eeg 876.774536133 513.233886719 626.737487793 779.720703125
eeg 797.815490723 829.070068359 837.29498291 884.999450684
eeg 755.045959473 829.070068359 837.29498291 990.278137207
eeg 797.815490723 618.512634277 626.737487793 884.999450684
eeg 761.625915527 829.070068359 837.29498291 1042.91748047
eeg 952.443603516 513.233886719 626.737487793 832.360046387
eeg 794.525512695 723.791320801 626.737487793 832.360046387
eeg 741.886108398 829.070068359 837.29498291 779.720703125
eeg 847.164855957 723.791320801 732.016235352 990.278137207
eeg 899.804260254 723.791320801 626.737487793 937.638793945
eeg 899.804260254 829.070068359 837.29498291 884.999450684
eeg 741.886108398 829.070068359 837.29498291 884.999450684
eeg 741.886108398 829.070068359 837.29498291 832.360046387
eeg 741.886108398 829.070068359 942.573730469 937.638793945
eeg 794.525512695 723.791320801 732.016235352 884.999450684
eeg 794.525512695 829.070068359 942.573730469 884.999450684
eeg 899.804260254 723.791320801 732.016235352 779.720703125
eeg 794.525512695 723.791320801 732.016235352 832.360046387
eeg 741.886108398 829.070068359 942.573730469 779.720703125
eeg 794.525512695 723.791320801 837.29498291 937.638793945
eeg 689.246765137 723.791320801 837.29498291 884.999450684
eeg 899.804260254 513.233886719 521.458740234 779.720703125
a nan nan nan nan
b nan nan nan nan
d nan nan nan nan
g nan nan nan nan
t nan nan nan nan
h 4.0 4.0 4.0 4.0
c 0.0
Aa 0.0 0.0 0.0 0.0
Ab 0.0 0.0 0.0 0.0
Ad 0.0 0.0 0.0 0.0
Ag 0.0 0.0 0.0 0.0
At 0.0 0.0 0.0 0.0
as 0.0 0.0 0.0 0.0
bs 0.0 0.0 0.0 0.0
ds 0.0 0.0 0.0 0.0
gs 0.0 0.0 0.0 0.0
ts 0.0 0.0 0.0 0.0
eeg 794.525512695 618.512634277 626.737487793 832.360046387
eeg 794.525512695 618.512634277 626.737487793 779.720703125
eeg 794.525512695 618.512634277 626.737487793 937.638793945
eeg 794.525512695 618.512634277 626.737487793 937.638793945
eeg 741.886108398 618.512634277 521.458740234 937.638793945
eeg 794.525512695 723.791320801 732.016235352 832.360046387
eeg 689.246765137 723.791320801 732.016235352 990.278137207
eeg 741.886108398 618.512634277 626.737487793 884.999450684
eeg 741.886108398 723.791320801 732.016235352 990.278137207
eeg 899.804260254 618.512634277 626.737487793 990.278137207
eeg 847.164855957 723.791320801 732.016235352 832.360046387
eeg 741.886108398 723.791320801 837.29498291 884.999450684
eeg 741.886108398 513.233886719 626.737487793 884.999450684
eeg 794.525512695 618.512634277 626.737487793 937.638793945
eeg 794.525512695 723.791320801 837.29498291 937.638793945
eeg 794.525512695 618.512634277 626.737487793 937.638793945
eeg 899.804260254 565.87322998 679.37689209 832.360046387
eeg 741.886108398 618.512634277 784.655639648 937.638793945
eeg 741.886108398 618.512634277 784.655639648 832.360046387
eeg 794.525512695 618.512634277 784.655639648 937.638793945
eeg 689.246765137 723.791320801 942.573730469 937.638793945
eeg 847.164855957 460.594482422 626.737487793 832.360046387
a nan nan nan nan
b nan nan nan nan
d nan nan nan nan
g nan nan nan nan
t nan nan nan nan
h 4.0 4.0 4.0 4.0
c 0.0
Aa 0.0 0.0 0.0 0.0
Ab 0.0 0.0 0.0 0.0
Ad 0.0 0.0 0.0 0.0
Ag 0.0 0.0 0.0 0.0
At 0.0 0.0 0.0 0.0
as 0.0 0.0 0.0 0.0
bs 0.0 0.0 0.0 0.0
ds 0.0 0.0 0.0 0.0
gs 0.0 0.0 0.0 0.0
ts 0.0 0.0 0.0 0.0
eeg 794.525512695 618.512634277 732.016235352 832.360046387
eeg 794.525512695 618.512634277 732.016235352 832.360046387
eeg 899.804260254 513.233886719 574.098144531 937.638793945
eeg 847.164855957 829.070068359 942.573730469 937.638793945
eeg 847.164855957 565.87322998 626.737487793 937.638793945
eeg 952.443603516 618.512634277 626.737487793 832.360046387
eeg 794.525512695 671.151977539 679.37689209 937.638793945
eeg 741.886108398 671.151977539 732.016235352 832.360046387
eeg 847.164855957 671.151977539 732.016235352 937.638793945
eeg 899.804260254 618.512634277 626.737487793 937.638793945
eeg 926.123962402 671.151977539 732.016235352 911.319091797
eeg 820.845214844 671.151977539 732.016235352 858.679748535
eeg 820.845214844 671.151977539 732.016235352 858.679748535
eeg 873.484558105 618.512634277 626.737487793 937.638793945
eeg 926.123962402 723.791320801 732.016235352 911.319091797
eeg 899.804260254 618.512634277 626.737487793 911.319091797
eeg 926.123962402 776.430725098 837.29498291 779.720703125
eeg 715.566467285 776.430725098 837.29498291 884.999450684
eeg 847.164855957 565.87322998 521.458740234 858.679748535
eeg 899.804260254 723.791320801 626.737487793 911.319091797
eeg 899.804260254 776.430725098 732.016235352 937.638793945
eeg 926.123962402 776.430725098 732.016235352 858.679748535
a nan nan nan nan
b nan nan nan nan
d nan nan nan nan
g nan nan nan nan
t nan nan nan nan
h 4.0 4.0 4.0 4.0
c 0.0
Aa 0.0 0.0 0.0 0.0
Ab 0.0 0.0 0.0 0.0
Ad 0.0 0.0 0.0 0.0
Ag 0.0 0.0 0.0 0.0
At 0.0 0.0 0.0 0.0
as 0.0 0.0 0.0 0.0
bs 0.0 0.0 0.0 0.0
ds 0.0 0.0 0.0 0.0
gs 0.0 0.0 0.0 0.0
ts 0.0 0.0 0.0 0.0
eeg 768.205810547 776.430725098 732.016235352 858.679748535
eeg 768.205810547 723.791320801 732.016235352 858.679748535
eeg 873.484558105 618.512634277 626.737487793 937.638793945
eeg 899.804260254 829.070068359 837.29498291 911.319091797
eeg 794.525512695 618.512634277 626.737487793 858.679748535
eeg 794.525512695 618.512634277 521.458740234 806.040344238
eeg 741.886108398 618.512634277 521.458740234 963.958496094
eeg 689.246765137 723.791320801 626.737487793 858.679748535
eeg 741.886108398 723.791320801 626.737487793 911.319091797
eeg 741.886108398 723.791320801 732.016235352 911.319091797
eeg 794.525512695 618.512634277 521.458740234 911.319091797
eeg 741.886108398 618.512634277 521.458740234 858.679748535
eeg 741.886108398 723.791320801 626.737487793 911.319091797
eeg 847.164855957 513.233886719 416.180023193 911.319091797
eeg 847.164855957 829.070068359 732.016235352 911.319091797
eeg 899.804260254 618.512634277 416.180023193 911.319091797
eeg 847.164855957 829.070068359 732.016235352 858.679748535
eeg 689.246765137 723.791320801 732.016235352 911.319091797
eeg 741.886108398 618.512634277 626.737487793 911.319091797
eeg 741.886108398 829.070068359 837.29498291 1016.59783936
eeg 949.153686523 468.819396973 467.174407959 912.964111328
eeg 843.874938965 732.016235352 888.289367676 912.964111328
a nan nan nan nan
b nan nan nan nan
d nan nan nan nan
g nan nan nan nan
t nan nan nan nan
h 4.0 4.0 4.0 4.0
c 0.0
Aa 0.0 0.0 0.0 0.0
Ab 0.0 0.0 0.0 0.0
Ad 0.0 0.0 0.0 0.0
Ag 0.0 0.0 0.0 0.0
At 0.0 0.0 0.0 0.0
as 0.0 0.0 0.0 0.0
bs 0.0 0.0 0.0 0.0
ds 0.0 0.0 0.0 0.0
gs 0.0 0.0 0.0 0.0
ts 0.0 0.0 0.0 0.0
eeg 685.956787109 679.37689209 888.289367676 702.406616211
eeg 685.956787109 679.37689209 888.289367676 755.045959473
eeg 580.678039551 784.655639648 993.568115234 755.045959473
eeg 843.874938965 574.098144531 783.010620117 755.045959473
eeg 685.956787109 626.737487793 783.010620117 755.045959473
eeg 791.235534668 679.37689209 783.010620117 649.767211914
eeg 685.956787109 679.37689209 783.010620117 912.964111328
eeg 685.956787109 574.098144531 677.731872559 807.68536377
eeg 791.235534668 732.016235352 888.289367676 860.324707031
eeg 843.874938965 468.819396973 572.453186035 807.68536377
eeg 843.874938965 784.655639648 888.289367676 807.68536377
eeg 843.874938965 626.737487793 783.010620117 807.68536377
eeg 791.235534668 679.37689209 783.010620117 912.964111328
eeg 791.235534668 679.37689209 783.010620117 912.964111328
eeg 896.514282227 626.737487793 677.731872559 860.324707031
eeg 685.956787109 626.737487793 993.568115234 860.324707031
eeg 791.235534668 310.901275635 677.731872559 702.406616211
eeg 791.235534668 310.901275635 677.731872559 807.68536377
eeg 685.956787109 521.458740234 888.289367676 807.68536377
eeg 791.235534668 416.180023193 783.010620117 860.324707031
eeg 764.91583252 521.458740234 888.289367676 807.68536377
eeg 791.235534668 521.458740234 888.289367676 807.68536377
a nan nan nan nan
b nan nan nan nan
d nan nan nan nan
g nan nan nan nan
t nan nan nan nan
h 4.0 4.0 4.0 4.0
c 0.0
Aa 0.0 0.0 0.0 0.0
Ab 0.0 0.0 0.0 0.0
Ad 0.0 0.0 0.0 0.0
Ag 0.0 0.0 0.0 0.0
At 0.0 0.0 0.0 0.0
as 0.0 0.0 0.0 0.0
bs 0.0 0.0 0.0 0.0
ds 0.0 0.0 0.0 0.0
gs 0.0 0.0 0.0 0.0
ts 0.0 0.0 0.0 0.0
eeg 764.91583252 416.180023193 677.731872559 807.68536377
eeg 764.91583252 626.737487793 783.010620117 912.964111328
eeg 896.514282227 521.458740234 572.453186035 912.964111328
eeg 896.514282227 837.29498291 888.289367676 860.324707031
eeg 791.235534668 732.016235352 783.010620117 860.324707031
eeg 817.555236816 732.016235352 677.731872559 755.045959473
eeg 791.235534668 732.016235352 677.731872559 965.60345459
eeg 738.596191406 732.016235352 783.010620117 912.964111328
eeg 791.235534668 732.016235352 783.010620117 965.60345459
eeg 1001.79302979 626.737487793 677.731872559 912.964111328
eeg 1001.79302979 732.016235352 783.010620117 912.964111328
eeg 1001.79302979 626.737487793 677.731872559 860.324707031
eeg 1001.79302979 732.016235352 783.010620117 965.60345459
eeg 896.514282227 942.573730469 1098.84692383 965.60345459
eeg 1107.07177734 416.180023193 572.453186035 965.60345459
eeg 1001.79302979 626.737487793 572.453186035 912.964111328
eeg 1001.79302979 626.737487793 677.731872559 860.324707031
eeg 896.514282227 626.737487793 677.731872559 965.60345459
eeg 896.514282227 626.737487793 677.731872559 965.60345459
eeg 896.514282227 837.29498291 888.289367676 1018.24285889
eeg 1001.79302979 521.458740234 572.453186035 912.964111328
eeg 896.514282227 732.016235352 677.731872559 912.964111328
a nan nan nan nan
b nan nan nan nan
d nan nan nan nan
g nan nan nan nan
t nan nan nan nan
h 4.0 4.0 4.0 4.0
c 0.0
Aa 0.0 0.0 0.0 0.0
Ab 0.0 0.0 0.0 0.0
Ad 0.0 0.0 0.0 0.0
Ag 0.0 0.0 0.0 0.0
At 0.0 0.0 0.0 0.0
as 0.0 0.0 0.0 0.0
bs 0.0 0.0 0.0 0.0
ds 0.0 0.0 0.0 0.0
gs 0.0 0.0 0.0 0.0
ts 0.0 0.0 0.0 0.0
eeg 685.956787109 837.29498291 888.289367676 860.324707031
eeg 791.235534668 626.737487793 572.453186035 965.60345459
eeg 896.514282227 626.737487793 572.453186035 965.60345459
eeg 949.153686523 837.29498291 888.289367676 965.60345459
eeg 843.874938965 574.098144531 677.731872559 912.964111328
eeg 843.874938965 626.737487793 677.731872559 860.324707031
eeg 791.235534668 626.737487793 677.731872559 965.60345459
eeg 843.874938965 626.737487793 677.731872559 965.60345459
eeg 843.874938965 626.737487793 677.731872559 965.60345459
eeg 843.874938965 679.37689209 783.010620117 912.964111328
eeg 843.874938965 574.098144531 625.092529297 1018.24285889
eeg 949.153686523 468.819396973 414.53503418 860.324707031
eeg 843.874938965 732.016235352 730.371276855 1018.24285889
eeg 896.514282227 679.37689209 730.371276855 1018.24285889
eeg 896.514282227 732.016235352 835.650024414 912.964111328
eeg 738.596191406 626.737487793 730.371276855 912.964111328
eeg 791.235534668 626.737487793 730.371276855 807.68536377
eeg 528.038696289 626.737487793 677.731872559 912.964111328
eeg 738.596191406 468.819396973 414.53503418 912.964111328
eeg 791.235534668 995.213134766 835.650024414 912.964111328
eeg 896.514282227 679.37689209 519.813781738 755.045959473
eeg 843.874938965 889.934387207 730.371276855 860.324707031
a nan nan nan nan
b nan nan nan nan
d nan nan nan nan
g nan nan nan nan
t nan nan nan nan
h 4.0 4.0 4.0 4.0
c 0.0
Aa 0.0 0.0 0.0 0.0
Ab 0.0 0.0 0.0 0.0
Ad 0.0 0.0 0.0 0.0
Ag 0.0 0.0 0.0 0.0
At 0.0 0.0 0.0 0.0
as 0.0 0.0 0.0 0.0
bs 0.0 0.0 0.0 0.0
ds 0.0 0.0 0.0 0.0
gs 0.0 0.0 0.0 0.0
ts 0.0 0.0 0.0 0.0
eeg 791.235534668 784.655639648 625.092529297 702.406616211
eeg 843.874938965 784.655639648 625.092529297 860.324707031
eeg 843.874938965 784.655639648 625.092529297 912.964111328
eeg 949.153686523 784.655639648 625.092529297 860.324707031
eeg 791.235534668 784.655639648 625.092529297 807.68536377
eeg 791.235534668 679.37689209 519.813781738 755.045959473
eeg 843.874938965 679.37689209 519.813781738 807.68536377
eeg 791.235534668 889.934387207 730.371276855 807.68536377
eeg 949.153686523 574.098144531 414.53503418 807.68536377
eeg 791.235534668 889.934387207 835.650024414 807.68536377
eeg 791.235534668 679.37689209 730.371276855 807.68536377
eeg 791.235534668 679.37689209 730.371276855 807.68536377
eeg 791.235534668 784.655639648 835.650024414 1018.24285889
eeg 949.153686523 574.098144531 309.256317139 912.964111328
eeg 870.194580078 1100.49182129 835.650024414 860.324707031
eeg 685.956787109 995.213134766 730.371276855 755.045959473
eeg 738.596191406 889.934387207 625.092529297 702.406616211
eeg 764.91583252 995.213134766 625.092529297 807.68536377
eeg 738.596191406 995.213134766 730.371276855 807.68536377
eeg 738.596191406 889.934387207 625.092529297 807.68536377
eeg 738.596191406 995.213134766 835.650024414 755.045959473
eeg 685.956787109 784.655639648 625.092529297 807.68536377
a nan nan nan nan
b nan nan nan nan
d nan nan nan nan
g nan nan nan nan
t nan nan nan nan
h 4.0 4.0 4.0 4.0
c 0.0
Aa 0.0 0.0 0.0 0.0
Ab 0.0 0.0 0.0 0.0
Ad 0.0 0.0 0.0 0.0
Ag 0.0 0.0 0.0 0.0
At 0.0 0.0 0.0 0.0
as 0.0 0.0 0.0 0.0
bs 0.0 0.0 0.0 0.0
ds 0.0 0.0 0.0 0.0
gs 0.0 0.0 0.0 0.0
ts 0.0 0.0 0.0 0.0
eeg 712.276489258 784.655639648 625.092529297 807.68536377
eeg 712.276489258 889.934387207 730.371276855 1018.24285889
eeg 949.153686523 574.098144531 414.53503418 965.60345459
eeg 870.194580078 995.213134766 940.928771973 965.60345459
eeg 764.91583252 679.37689209 730.371276855 860.324707031
eeg 791.235534668 679.37689209 730.371276855 860.324707031
eeg 791.235534668 679.37689209 730.371276855 965.60345459
eeg 738.596191406 679.37689209 730.371276855 912.964111328
eeg 896.514282227 574.098144531 572.453186035 860.324707031
eeg 791.235534668 889.934387207 993.568115234 702.406616211
eeg 685.956787109 574.098144531 677.731872559 755.045959473
eeg 685.956787109 679.37689209 677.731872559 649.767211914
eeg 685.956787109 732.016235352 783.010620117 807.68536377
eeg 685.956787109 679.37689209 730.371276855 807.68536377
eeg 843.874938965 626.737487793 625.092529297 755.045959473
eeg 633.317443848 732.016235352 730.371276855 755.045959473
eeg 738.596191406 626.737487793 572.453186035 702.406616211
eeg 843.874938965 626.737487793 572.453186035 807.68536377
eeg 791.235534668 942.573730469 993.568115234 807.68536377
eeg 791.235534668 574.098144531 625.092529297 807.68536377
eeg 896.514282227 679.37689209 625.092529297 755.045959473
eeg 738.596191406 732.016235352 730.371276855 860.324707031
a nan nan nan nan
b nan nan nan nan
d nan nan nan nan
g nan nan nan nan
t nan nan nan nan
h 4.0 4.0 4.0 4.0
c 0.0
Aa 0.0 0.0 0.0 0.0
Ab 0.0 0.0 0.0 0.0
Ad 0.0 0.0 0.0 0.0
Ag 0.0 0.0 0.0 0.0
At 0.0 0.0 0.0 0.0
as 0.0 0.0 0.0 0.0
bs 0.0 0.0 0.0 0.0
ds 0.0 0.0 0.0 0.0
gs 0.0 0.0 0.0 0.0
ts 0.0 0.0 0.0 0.0
eeg 685.956787109 732.016235352 783.010620117 807.68536377
eeg 633.317443848 626.737487793 677.731872559 965.60345459
eeg 791.235534668 521.458740234 467.174407959 912.964111328
eeg 791.235534668 732.016235352 677.731872559 834.005004883
eeg 738.596191406 626.737487793 572.453186035 807.68536377
eeg 738.596191406 837.29498291 783.010620117 781.365661621
eeg 685.956787109 732.016235352 572.453186035 834.005004883
eeg 791.235534668 732.016235352 467.174407959 860.324707031
eeg 738.596191406 837.29498291 677.731872559 860.324707031
eeg 843.874938965 626.737487793 467.174407959 781.365661621
eeg 685.956787109 837.29498291 783.010620117 939.283752441
eeg 633.317443848 732.016235352 783.010620117 807.68536377
eeg 633.317443848 732.016235352 783.010620117 991.923156738
eeg 791.235534668 626.737487793 572.453186035 965.60345459
eeg 791.235534668 837.29498291 783.010620117 912.964111328
eeg 738.596191406 732.016235352 783.010620117 834.005004883
eeg 738.596191406 732.016235352 783.010620117 834.005004883
eeg 807.68536377 644.832275391 651.412231445 973.828369141
eeg 860.324707031 644.832275391 651.412231445 868.549621582
eeg 860.324707031 592.192932129 651.412231445 868.549621582
eeg 912.964111328 592.192932129 651.412231445 763.270874023
eeg 755.045959473 697.471679688 756.690979004 868.549621582
a nan nan nan nan
b nan nan nan nan
d nan nan nan nan
g nan nan nan nan
t nan nan nan nan
h 4.0 4.0 4.0 4.0
c 0.0
Aa 0.0 0.0 0.0 0.0
Ab 0.0 0.0 0.0 0.0
Ad 0.0 0.0 0.0 0.0
Ag 0.0 0.0 0.0 0.0
At 0.0 0.0 0.0 0.0
as 0.0 0.0 0.0 0.0
bs 0.0 0.0 0.0 0.0
ds 0.0 0.0 0.0 0.0
gs 0.0 0.0 0.0 0.0
ts 0.0 0.0 0.0 0.0
eeg 755.045959473 539.553527832 651.412231445 815.91027832
eeg 807.68536377 697.471679688 756.690979004 921.188964844
eeg 702.406616211 750.111022949 861.969726562 921.188964844
eeg 860.324707031 486.91418457 546.133483887 868.549621582
eeg 912.964111328 486.91418457 546.133483887 815.91027832
eeg 755.045959473 750.111022949 861.969726562 815.91027832
eeg 807.68536377 697.471679688 861.969726562 868.549621582
eeg 807.68536377 697.471679688 861.969726562 868.549621582
eeg 702.406616211 644.832275391 756.690979004 868.549621582
eeg 912.964111328 592.192932129 651.412231445 763.270874023
eeg 702.406616211 644.832275391 651.412231445 868.549621582
eeg 702.406616211 802.750427246 861.969726562 815.91027832
eeg 649.767211914 697.471679688 651.412231445 973.828369141
eeg 755.045959473 592.192932129 440.854736328 921.188964844
eeg 755.045959473 802.750427246 546.133483887 921.188964844
eeg 702.406616211 697.471679688 440.854736328 815.91027832
eeg 702.406616211 802.750427246 546.133483887 815.91027832
eeg 544.488464355 802.750427246 651.412231445 973.828369141
eeg 807.68536377 592.192932129 335.57598877 973.828369141
eeg 755.045959473 592.192932129 335.57598877 815.91027832
eeg 860.324707031 697.471679688 440.854736328 815.91027832
eeg 807.68536377 592.192932129 335.57598877 868.549621582
a nan nan nan nan
b nan nan nan nan
d nan nan nan nan
g nan nan nan nan
t nan nan nan nan
h 4.0 4.0 4.0 4.0
c 0.0
Aa 0.0 0.0 0.0 0.0
Ab 0.0 0.0 0.0 0.0
Ad 0.0 0.0 0.0 0.0
Ag 0.0 0.0 0.0 0.0
At 0.0 0.0 0.0 0.0
as 0.0 0.0 0.0 0.0
bs 0.0 0.0 0.0 0.0
ds 0.0 0.0 0.0 0.0
gs 0.0 0.0 0.0 0.0
ts 0.0 0.0 0.0 0.0
eeg 755.045959473 802.750427246 546.133483887 868.549621582
eeg 912.964111328 697.471679688 546.133483887 921.188964844
eeg 755.045959473 802.750427246 756.690979004 921.188964844
eeg 912.964111328 592.192932129 546.133483887 815.91027832
eeg 702.406616211 802.750427246 756.690979004 868.549621582
eeg 755.045959473 697.471679688 651.412231445 868.549621582
eeg 886.64440918 486.91418457 440.854736328 875.129516602
eeg 886.64440918 960.668518066 967.248413086 881.709472656
eeg 860.324707031 644.832275391 756.690979004 875.129516602
eeg 886.64440918 697.471679688 756.690979004 769.850830078
eeg 781.365661621 750.111022949 756.690979004 888.289367676
eeg 728.726318359 750.111022949 756.690979004 848.809875488
eeg 807.68536377 750.111022949 756.690979004 940.928771973
eeg 781.365661621 802.750427246 861.969726562 934.348815918
eeg 860.324707031 644.832275391 651.412231445 842.229919434
eeg 728.726318359 802.750427246 756.690979004 868.549621582
eeg 755.045959473 750.111022949 756.690979004 881.709472656
eeg 886.64440918 592.192932129 546.133483887 940.928771973
eeg 886.64440918 960.668518066 967.248413086 901.44921875
eeg 834.005004883 644.832275391 756.690979004 861.969726562
eeg 860.324707031 697.471679688 756.690979004 769.850830078
eeg 781.365661621 697.471679688 756.690979004 967.248413086
a nan nan nan nan
b nan nan nan nan
d nan nan nan nan
g nan nan nan nan
t nan nan nan nan
h 4.0 4.0 4.0 4.0
c 0.0
Aa 0.0 0.0 0.0 0.0
Ab 0.0 0.0 0.0 0.0
Ad 0.0 0.0 0.0 0.0
Ag 0.0 0.0 0.0 0.0
At 0.0 0.0 0.0 0.0
as 0.0 0.0 0.0 0.0
bs 0.0 0.0 0.0 0.0
ds 0.0 0.0 0.0 0.0
gs 0.0 0.0 0.0 0.0
ts 0.0 0.0 0.0 0.0
eeg 781.365661621 592.192932129 651.412231445 861.969726562
eeg 939.283752441 592.192932129 651.412231445 861.969726562
eeg 834.005004883 697.471679688 861.969726562 861.969726562
eeg 834.005004883 486.91418457 651.412231445 809.330322266
eeg 728.726318359 697.471679688 756.690979004 809.330322266
eeg 728.726318359 592.192932129 756.690979004 861.969726562
eeg 623.447570801 697.471679688 861.969726562 914.609069824
eeg 886.64440918 486.91418457 546.133483887 914.609069824
eeg 886.64440918 486.91418457 546.133483887 809.330322266
eeg 834.005004883 697.471679688 756.690979004 809.330322266
eeg 834.005004883 592.192932129 651.412231445 914.609069824
eeg 676.086914062 802.750427246 861.969726562 914.609069824
eeg 728.726318359 697.471679688 756.690979004 967.248413086
eeg 886.64440918 592.192932129 546.133483887 914.609069824
eeg 834.005004883 802.750427246 756.690979004 914.609069824
eeg 623.447570801 802.750427246 861.969726562 861.969726562
eeg 728.726318359 592.192932129 651.412231445 914.609069824
eeg 886.64440918 486.91418457 335.57598877 861.969726562
eeg 939.283752441 697.471679688 546.133483887 861.969726562
eeg 886.64440918 592.192932129 440.854736328 861.969726562
eeg 834.005004883 697.471679688 651.412231445 756.690979004
eeg 570.808166504 697.471679688 651.412231445 993.568115234
a nan nan nan nan
b nan nan nan nan
d nan nan nan nan
g nan nan nan nan
t nan nan nan nan
h 4.0 4.0 4.0 4.0
c 0.0
Aa 0.0 0.0 0.0 0.0
Ab 0.0 0.0 0.0 0.0
Ad 0.0 0.0 0.0 0.0
Ag 0.0 0.0 0.0 0.0
At 0.0 0.0 0.0 0.0
as 0.0 0.0 0.0 0.0
bs 0.0 0.0 0.0 0.0
ds 0.0 0.0 0.0 0.0
gs 0.0 0.0 0.0 0.0
ts 0.0 0.0 0.0 0.0
eeg 781.365661621 381.635437012 335.57598877 888.289367676
eeg 781.365661621 592.192932129 440.854736328 914.609069824
eeg 886.64440918 592.192932129 440.854736328 888.289367676
eeg 886.64440918 592.192932129 440.854736328 783.010620117
eeg 781.365661621 697.471679688 651.412231445 835.650024414
eeg 781.365661621 592.192932129 546.133483887 940.928771973
eeg 834.005004883 592.192932129 546.133483887 940.928771973
eeg 886.64440918 802.750427246 756.690979004 888.289367676
eeg 676.086914062 697.471679688 756.690979004 888.289367676
eeg 834.005004883 697.471679688 651.412231445 756.690979004
eeg 728.726318359 697.471679688 704.051574707 888.289367676
eeg 728.726318359 750.111022949 704.051574707 914.609069824
eeg 728.726318359 750.111022949 704.051574707 967.248413086
eeg 834.005004883 697.471679688 598.772827148 914.609069824
eeg 728.726318359 802.750427246 704.051574707 914.609069824
eeg 728.726318359 750.111022949 651.412231445 783.010620117
eeg 728.726318359 802.750427246 704.051574707 914.609069824
eeg 676.086914062 802.750427246 809.330322266 914.609069824
eeg 886.64440918 539.553527832 388.215362549 888.289367676
eeg 939.283752441 644.832275391 493.494110107 861.969726562
eeg 781.365661621 802.750427246 756.690979004 809.330322266
eeg 781.365661621 802.750427246 809.330322266 914.609069824
a nan nan nan nan
b nan nan nan nan
d nan nan nan nan
g nan nan nan nan
t nan nan nan nan
h 4.0 4.0 4.0 4.0
c 0.0
Aa 0.0 0.0 0.0 0.0
Ab 0.0 0.0 0.0 0.0
Ad 0.0 0.0 0.0 0.0
Ag 0.0 0.0 0.0 0.0
At 0.0 0.0 0.0 0.0
as 0.0 0.0 0.0 0.0
bs 0.0 0.0 0.0 0.0
ds 0.0 0.0 0.0 0.0
gs 0.0 0.0 0.0 0.0
ts 0.0 0.0 0.0 0.0
eeg 728.726318359 697.471679688 704.051574707 914.609069824
eeg 781.365661621 697.471679688 704.051574707 993.568115234
eeg 939.283752441 592.192932129 546.133483887 888.289367676
eeg 834.005004883 750.111022949 704.051574707 888.289367676
