eeg 781.365661621 750.111022949 704.051574707 783.010620117
eeg 834.005004883 592.192932129 388.215362549 888.289367676
eeg 939.283752441 592.192932129 282.93661499 888.289367676
eeg 939.283752441 802.750427246 493.494110107 835.650024414
eeg 939.283752441 539.553527832 282.93661499 783.010620117
eeg 834.005004883 855.389770508 598.772827148 783.010620117
eeg 781.365661621 644.832275391 388.215362549 888.289367676
eeg 834.005004883 644.832275391 388.215362549 888.289367676
eeg 886.64440918 802.750427246 598.772827148 940.928771973
eeg 939.283752441 539.553527832 282.93661499 835.650024414
eeg 886.64440918 697.471679688 388.215362549 835.650024414
eeg 834.005004883 750.111022949 493.494110107 835.650024414
eeg 834.005004883 644.832275391 493.494110107 888.289367676
eeg 886.64440918 644.832275391 493.494110107 835.650024414
eeg 939.283752441 644.832275391 493.494110107 835.650024414
eeg 1044.5625 592.192932129 493.494110107 677.731872559
eeg 807.68536377 802.750427246 756.690979004 730.371276855
eeg 834.005004883 802.750427246 914.609069824 1098.84692383
a nan nan nan nan
b nan nan nan nan
d nan nan nan nan
g nan nan nan nan
t nan nan nan nan
h 4.0 4.0 4.0 4.0
c 0.0
Aa 0.0 0.0 0.0 0.0
Ab 0.0 0.0 0.0 0.0
Ad 0.0 0.0 0.0 0.0
Ag 0.0 0.0 0.0 0.0
At 0.0 0.0 0.0 0.0
as 0.0 0.0 0.0 0.0
bs 0.0 0.0 0.0 0.0
ds 0.0 0.0 0.0 0.0
gs 0.0 0.0 0.0 0.0
ts 0.0 0.0 0.0 0.0
eeg 834.005004883 539.553527832 598.772827148 888.289367676
eeg 860.324707031 697.471679688 756.690979004 888.289367676
eeg 912.964111328 697.471679688 809.330322266 835.650024414
eeg 860.324707031 644.832275391 704.051574707 888.289367676
eeg 755.045959473 697.471679688 809.330322266 835.650024414
eeg 781.365661621 592.192932129 651.412231445 940.928771973
eeg 912.964111328 592.192932129 651.412231445 993.568115234
eeg 939.283752441 697.471679688 704.051574707 993.568115234
eeg 728.726318359 644.832275391 651.412231445 888.289367676
eeg 781.365661621 644.832275391 598.772827148 835.650024414
eeg 781.365661621 644.832275391 598.772827148 835.650024414
eeg 781.365661621 802.750427246 809.330322266 888.289367676
eeg 755.045959473 697.471679688 756.690979004 940.928771973
eeg 807.68536377 697.471679688 756.690979004 835.650024414
eeg 730.371276855 764.91583252 834.005004883 883.354431152
eeg 835.650024414 449.079620361 412.890075684 830.715087891
eeg 835.650024414 449.079620361 518.168823242 988.633178711
eeg 888.289367676 449.079620361 518.168823242 830.715087891
eeg 888.289367676 659.637145996 728.726318359 778.075683594
eeg 835.650024414 449.079620361 518.168823242 725.436340332
eeg 835.650024414 659.637145996 728.726318359 699.116638184
eeg 677.731872559 554.358398438 728.726318359 857.034729004
a nan nan nan nan
b nan nan nan nan
d nan nan nan nan
g nan nan nan nan
t nan nan nan nan
h 4.0 4.0 4.0 4.0
c 0.0
Aa 0.0 0.0 0.0 0.0
Ab 0.0 0.0 0.0 0.0
Ad 0.0 0.0 0.0 0.0
Ag 0.0 0.0 0.0 0.0
At 0.0 0.0 0.0 0.0
as 0.0 0.0 0.0 0.0
bs 0.0 0.0 0.0 0.0
ds 0.0 0.0 0.0 0.0
gs 0.0 0.0 0.0 0.0
ts 0.0 0.0 0.0 0.0
eeg 835.650024414 343.80090332 412.890075684 857.034729004
eeg 993.568115234 659.637145996 728.726318359 778.075683594
eeg 940.928771973 659.637145996 728.726318359 778.075683594
eeg 940.928771973 659.637145996 728.726318359 909.674133301
eeg 677.731872559 659.637145996 728.726318359 804.395385742
eeg 783.010620117 554.358398438 623.447570801 1041.27258301
eeg 888.289367676 554.358398438 518.168823242 909.674133301
eeg 888.289367676 764.91583252 834.005004883 883.354431152
eeg 677.731872559 764.91583252 834.005004883 857.034729004
eeg 783.010620117 606.997741699 676.086914062 751.75604248
eeg 888.289367676 606.997741699 676.086914062 909.674133301
eeg 835.650024414 659.637145996 676.086914062 804.395385742
eeg 1046.20751953 554.358398438 623.447570801 751.75604248
eeg 835.650024414 870.194580078 1044.5625 699.116638184
eeg 783.010620117 501.718994141 676.086914062 699.116638184
eeg 783.010620117 659.637145996 781.365661621 699.116638184
eeg 783.010620117 659.637145996 781.365661621 857.034729004
eeg 783.010620117 606.997741699 728.726318359 804.395385742
eeg 940.928771973 606.997741699 623.447570801 751.75604248
eeg 940.928771973 606.997741699 623.447570801 751.75604248
eeg 835.650024414 659.637145996 676.086914062 751.75604248
eeg 888.289367676 659.637145996 728.726318359 909.674133301
a nan nan nan nan
b nan nan nan nan
d nan nan nan nan
g nan nan nan nan
t nan nan nan nan
h 4.0 4.0 4.0 4.0
c 0.0
Aa 0.0 0.0 0.0 0.0
Ab 0.0 0.0 0.0 0.0
Ad 0.0 0.0 0.0 0.0
Ag 0.0 0.0 0.0 0.0
At 0.0 0.0 0.0 0.0
as 0.0 0.0 0.0 0.0
bs 0.0 0.0 0.0 0.0
ds 0.0 0.0 0.0 0.0
gs 0.0 0.0 0.0 0.0
ts 0.0 0.0 0.0 0.0
eeg 835.650024414 712.276489258 834.005004883 909.674133301
eeg 783.010620117 554.358398438 623.447570801 909.674133301
eeg 940.928771973 554.358398438 518.168823242 804.395385742
eeg 677.731872559 659.637145996 728.726318359 909.674133301
eeg 625.092529297 659.637145996 834.005004883 804.395385742
eeg 625.092529297 659.637145996 728.726318359 909.674133301
eeg 835.650024414 554.358398438 623.447570801 962.313476562
eeg 835.650024414 764.91583252 834.005004883 909.674133301
eeg 730.371276855 659.637145996 728.726318359 857.034729004
eeg 730.371276855 764.91583252 939.283752441 857.034729004
eeg 572.453186035 659.637145996 834.005004883 909.674133301
eeg 783.010620117 449.079620361 412.890075684 909.674133301
eeg 888.289367676 764.91583252 728.726318359 909.674133301
eeg 888.289367676 764.91583252 728.726318359 804.395385742
eeg 835.650024414 764.91583252 728.726318359 1067.59228516
eeg 625.092529297 764.91583252 728.726318359 857.034729004
eeg 677.731872559 764.91583252 728.726318359 962.313476562
eeg 888.289367676 554.358398438 518.168823242 962.313476562
eeg 888.289367676 870.194580078 939.283752441 857.034729004
eeg 625.092529297 764.91583252 834.005004883 1014.95288086
eeg 677.731872559 764.91583252 728.726318359 962.313476562
eeg 572.453186035 764.91583252 728.726318359 1014.95288086
a nan nan nan nan
b nan nan nan nan
d nan nan nan nan
g nan nan nan nan
t nan nan nan nan
h 4.0 4.0 4.0 4.0
c 0.0
Aa 0.0 0.0 0.0 0.0
Ab 0.0 0.0 0.0 0.0
Ad 0.0 0.0 0.0 0.0
Ag 0.0 0.0 0.0 0.0
At 0.0 0.0 0.0 0.0
as 0.0 0.0 0.0 0.0
bs 0.0 0.0 0.0 0.0
ds 0.0 0.0 0.0 0.0
gs 0.0 0.0 0.0 0.0
ts 0.0 0.0 0.0 0.0
eeg 783.010620117 554.358398438 412.890075684 1014.95288086
eeg 783.010620117 817.555236816 623.447570801 1014.95288086
eeg 783.010620117 764.91583252 623.447570801 962.313476562
eeg 677.731872559 764.91583252 623.447570801 1067.59228516
eeg 677.731872559 764.91583252 623.447570801 962.313476562
eeg 677.731872559 764.91583252 623.447570801 1067.59228516
eeg 993.568115234 396.4402771 202.332580566 1067.59228516
eeg 940.928771973 975.473327637 834.005004883 962.313476562
eeg 730.371276855 712.276489258 728.726318359 1014.95288086
eeg 783.010620117 606.997741699 623.447570801 962.313476562
eeg 783.010620117 712.276489258 728.726318359 962.313476562
eeg 835.650024414 764.91583252 834.005004883 962.313476562
eeg 730.371276855 659.637145996 728.726318359 1014.95288086
eeg 888.289367676 764.91583252 834.005004883 804.395385742
eeg 783.010620117 975.473327637 939.283752441 857.034729004
eeg 940.928771973 870.194580078 728.726318359 804.395385742
eeg 993.568115234 975.473327637 834.005004883 909.674133301
eeg 783.010620117 1186.03088379 1149.84130859 909.674133301
eeg 940.928771973 764.91583252 728.726318359 857.034729004
eeg 835.650024414 870.194580078 834.005004883 857.034729004
eeg 835.650024414 870.194580078 834.005004883 857.034729004
eeg 835.650024414 764.91583252 728.726318359 909.674133301
a nan nan nan nan
b nan nan nan nan
d nan nan nan nan
g nan nan nan nan
t nan nan nan nan
h 4.0 4.0 4.0 4.0
c 0.0
Aa 0.0 0.0 0.0 0.0
Ab 0.0 0.0 0.0 0.0
Ad 0.0 0.0 0.0 0.0
Ag 0.0 0.0 0.0 0.0
At 0.0 0.0 0.0 0.0
as 0.0 0.0 0.0 0.0
bs 0.0 0.0 0.0 0.0
ds 0.0 0.0 0.0 0.0
gs 0.0 0.0 0.0 0.0
ts 0.0 0.0 0.0 0.0
eeg 940.928771973 764.91583252 728.726318359 909.674133301
eeg 888.289367676 764.91583252 834.005004883 909.674133301
eeg 940.928771973 659.637145996 728.726318359 804.395385742
eeg 783.010620117 764.91583252 728.726318359 1014.95288086
eeg 783.010620117 659.637145996 623.447570801 857.034729004
eeg 835.650024414 659.637145996 623.447570801 962.313476562
eeg 940.928771973 554.358398438 518.168823242 962.313476562
eeg 888.289367676 764.91583252 834.005004883 857.034729004
eeg 625.092529297 764.91583252 834.005004883 804.395385742
eeg 677.731872559 659.637145996 623.447570801 804.395385742
eeg 783.010620117 764.91583252 728.726318359 857.034729004
eeg 783.010620117 764.91583252 834.005004883 857.034729004
eeg 783.010620117 659.637145996 728.726318359 857.034729004
eeg 730.371276855 764.91583252 939.283752441 804.395385742
eeg 572.453186035 659.637145996 834.005004883 1014.95288086
eeg 783.010620117 449.079620361 623.447570801 909.674133301
eeg 730.371276855 659.637145996 834.005004883 1014.95288086
eeg 940.928771973 554.358398438 728.726318359 962.313476562
eeg 888.289367676 764.91583252 939.283752441 962.313476562
eeg 730.371276855 764.91583252 939.283752441 857.034729004
eeg 783.010620117 659.637145996 728.726318359 909.674133301
eeg 888.289367676 659.637145996 728.726318359 962.313476562
a nan nan nan nan
b nan nan nan nan
d nan nan nan nan
g nan nan nan nan
t nan nan nan nan
h 4.0 4.0 4.0 4.0
c 0.0
Aa 0.0 0.0 0.0 0.0
Ab 0.0 0.0 0.0 0.0
Ad 0.0 0.0 0.0 0.0
Ag 0.0 0.0 0.0 0.0
At 0.0 0.0 0.0 0.0
as 0.0 0.0 0.0 0.0
bs 0.0 0.0 0.0 0.0
ds 0.0 0.0 0.0 0.0
gs 0.0 0.0 0.0 0.0
ts 0.0 0.0 0.0 0.0
eeg 888.289367676 764.91583252 834.005004883 909.674133301
eeg 677.731872559 764.91583252 728.726318359 909.674133301
eeg 783.010620117 659.637145996 518.168823242 751.75604248
eeg 783.010620117 712.276489258 518.168823242 988.633178711
eeg 677.731872559 764.91583252 518.168823242 857.034729004
eeg 783.010620117 764.91583252 518.168823242 883.354431152
eeg 783.010620117 764.91583252 518.168823242 883.354431152
eeg 783.010620117 712.276489258 412.890075684 883.354431152
eeg 677.731872559 870.194580078 623.447570801 883.354431152
eeg 730.371276855 712.276489258 518.168823242 909.674133301
eeg 730.371276855 712.276489258 518.168823242 909.674133301
eeg 888.289367676 712.276489258 518.168823242 883.354431152
eeg 888.289367676 554.358398438 412.890075684 830.715087891
eeg 783.010620117 922.833984375 834.005004883 804.395385742
eeg 625.092529297 712.276489258 728.726318359 988.633178711
eeg 677.731872559 606.997741699 623.447570801 883.354431152
eeg 572.453186035 870.194580078 834.005004883 962.313476562
eeg 835.650024414 449.079620361 412.890075684 883.354431152
eeg 835.650024414 764.91583252 623.447570801 857.034729004
eeg 730.371276855 659.637145996 623.447570801 830.715087891
eeg 730.371276855 659.637145996 518.168823242 909.674133301
eeg 783.010620117 659.637145996 518.168823242 909.674133301
a nan nan nan nan
b nan nan nan nan
d nan nan nan nan
g nan nan nan nan
t nan nan nan nan
h 4.0 4.0 4.0 4.0
c 0.0
Aa 0.0 0.0 0.0 0.0
Ab 0.0 0.0 0.0 0.0
Ad 0.0 0.0 0.0 0.0
Ag 0.0 0.0 0.0 0.0
At 0.0 0.0 0.0 0.0
as 0.0 0.0 0.0 0.0
bs 0.0 0.0 0.0 0.0
ds 0.0 0.0 0.0 0.0
gs 0.0 0.0 0.0 0.0
ts 0.0 0.0 0.0 0.0
eeg 835.650024414 764.91583252 623.447570801 857.034729004
eeg 730.371276855 659.637145996 518.168823242 830.715087891
eeg 783.010620117 764.91583252 728.726318359 778.075683594
eeg 572.453186035 659.637145996 623.447570801 883.354431152
eeg 677.731872559 554.358398438 518.168823242 883.354431152
eeg 625.092529297 764.91583252 728.726318359 935.993835449
eeg 835.650024414 554.358398438 518.168823242 883.354431152
eeg 783.010620117 764.91583252 728.726318359 883.354431152
eeg 783.010620117 554.358398438 518.168823242 804.395385742
eeg 783.010620117 659.637145996 728.726318359 935.993835449
eeg 783.010620117 659.637145996 728.726318359 935.993835449
eeg 901.44921875 735.306213379 779.720703125 898.159240723
eeg 638.252380371 735.306213379 779.720703125 898.159240723
eeg 796.170471191 472.109344482 569.163208008 792.880554199
eeg 743.53112793 577.388122559 674.441955566 950.79864502
eeg 743.53112793 577.388122559 674.441955566 898.159240723
eeg 796.170471191 577.388122559 674.441955566 898.159240723
eeg 743.53112793 682.666870117 779.720703125 898.159240723
eeg 743.53112793 524.748718262 569.163208008 845.519897461
eeg 690.891723633 682.666870117 779.720703125 792.880554199
eeg 690.891723633 682.666870117 779.720703125 898.159240723
eeg 848.809875488 472.109344482 569.163208008 898.159240723
a nan nan nan nan
b nan nan nan nan
d nan nan nan nan
g nan nan nan nan
t nan nan nan nan
h 4.0 4.0 4.0 4.0
c 0.0
Aa 0.0 0.0 0.0 0.0
Ab 0.0 0.0 0.0 0.0
Ad 0.0 0.0 0.0 0.0
Ag 0.0 0.0 0.0 0.0
At 0.0 0.0 0.0 0.0
as 0.0 0.0 0.0 0.0
bs 0.0 0.0 0.0 0.0
ds 0.0 0.0 0.0 0.0
gs 0.0 0.0 0.0 0.0
ts 0.0 0.0 0.0 0.0
eeg 901.44921875 682.666870117 674.441955566 845.519897461
eeg 796.170471191 682.666870117 674.441955566 950.79864502
eeg 848.809875488 630.02746582 569.163208008 740.241149902
eeg 743.53112793 735.306213379 674.441955566 845.519897461
eeg 743.53112793 735.306213379 674.441955566 845.519897461
eeg 743.53112793 682.666870117 674.441955566 845.519897461
eeg 848.809875488 646.477294922 648.122253418 845.519897461
eeg 638.252380371 778.075683594 806.040344238 845.519897461
eeg 690.891723633 556.003356934 542.843505859 792.880554199
eeg 690.891723633 778.075683594 832.360046387 898.159240723
eeg 690.891723633 745.176086426 806.040344238 898.159240723
eeg 796.170471191 692.536743164 779.720703125 898.159240723
eeg 690.891723633 712.276489258 779.720703125 792.880554199
eeg 743.53112793 699.116638184 779.720703125 792.880554199
eeg 638.252380371 689.246765137 753.401000977 898.159240723
eeg 743.53112793 699.116638184 753.401000977 898.159240723
eeg 690.891723633 794.525512695 832.360046387 1003.43798828
eeg 901.44921875 539.553527832 542.843505859 898.159240723
eeg 743.53112793 845.519897461 884.999450684 950.79864502
eeg 690.891723633 699.116638184 779.720703125 792.880554199
eeg 796.170471191 679.37689209 700.76159668 950.79864502
eeg 796.170471191 694.18170166 700.76159668 950.79864502
a nan nan nan nan
b nan nan nan nan
d nan nan nan nan
g nan nan nan nan
t nan nan nan nan
h 4.0 4.0 4.0 4.0
c 0.0
Aa 0.0 0.0 0.0 0.0
Ab 0.0 0.0 0.0 0.0
Ad 0.0 0.0 0.0 0.0
Ag 0.0 0.0 0.0 0.0
At 0.0 0.0 0.0 0.0
as 0.0 0.0 0.0 0.0
bs 0.0 0.0 0.0 0.0
ds 0.0 0.0 0.0 0.0
gs 0.0 0.0 0.0 0.0
ts 0.0 0.0 0.0 0.0
eeg 954.088623047 799.460449219 700.76159668 792.880554199
eeg 848.809875488 799.460449219 700.76159668 687.601806641
eeg 848.809875488 799.460449219 700.76159668 687.601806641
eeg 796.170471191 852.09979248 806.040344238 845.519897461
eeg 848.809875488 746.821105957 700.76159668 845.519897461
eeg 848.809875488 799.460449219 806.040344238 845.519897461
eeg 796.170471191 904.739196777 1016.59783936 792.880554199
eeg 796.170471191 536.26361084 595.482910156 792.880554199
eeg 848.809875488 641.542358398 595.482910156 792.880554199
eeg 848.809875488 799.460449219 806.040344238 898.159240723
eeg 901.44921875 746.821105957 806.040344238 1003.43798828
eeg 901.44921875 799.460449219 911.319091797 1056.07739258
eeg 690.891723633 694.18170166 806.040344238 792.880554199
eeg 796.170471191 641.542358398 700.76159668 792.880554199
eeg 796.170471191 694.18170166 806.040344238 898.159240723
eeg 796.170471191 746.821105957 806.040344238 898.159240723
eeg 743.53112793 641.542358398 700.76159668 898.159240723
eeg 954.088623047 430.984863281 384.925415039 845.519897461
eeg 796.170471191 641.542358398 595.482910156 898.159240723
eeg 796.170471191 641.542358398 595.482910156 792.880554199
eeg 901.44921875 641.542358398 595.482910156 1003.43798828
eeg 901.44921875 641.542358398 595.482910156 950.79864502
a nan nan nan nan
b nan nan nan nan
d nan nan nan nan
g nan nan nan nan
t nan nan nan nan
h 4.0 4.0 4.0 4.0
c 0.0
Aa 0.0 0.0 0.0 0.0
Ab 0.0 0.0 0.0 0.0
Ad 0.0 0.0 0.0 0.0
Ag 0.0 0.0 0.0 0.0
At 0.0 0.0 0.0 0.0
as 0.0 0.0 0.0 0.0
bs 0.0 0.0 0.0 0.0
ds 0.0 0.0 0.0 0.0
gs 0.0 0.0 0.0 0.0
ts 0.0 0.0 0.0 0.0
eeg 954.088623047 641.542358398 595.482910156 898.159240723
eeg 743.53112793 746.821105957 806.040344238 898.159240723
eeg 796.170471191 536.26361084 595.482910156 845.519897461
eeg 796.170471191 641.542358398 700.76159668 950.79864502
eeg 848.809875488 536.26361084 595.482910156 950.79864502
eeg 1006.72796631 536.26361084 595.482910156 950.79864502
eeg 848.809875488 852.09979248 911.319091797 845.519897461
eeg 796.170471191 536.26361084 595.482910156 845.519897461
eeg 743.53112793 746.821105957 806.040344238 950.79864502
eeg 743.53112793 641.542358398 700.76159668 1056.07739258
eeg 927.768920898 430.984863281 490.20413208 950.79864502
eeg 954.088623047 746.821105957 700.76159668 950.79864502
eeg 796.170471191 641.542358398 595.482910156 740.241149902
eeg 796.170471191 641.542358398 595.482910156 792.880554199
eeg 796.170471191 641.542358398 700.76159668 1003.43798828
eeg 848.809875488 641.542358398 700.76159668 898.159240723
eeg 848.809875488 641.542358398 700.76159668 898.159240723
eeg 848.809875488 746.821105957 806.040344238 845.519897461
eeg 690.891723633 641.542358398 595.482910156 845.519897461
eeg 717.211425781 746.821105957 700.76159668 845.519897461
eeg 717.211425781 746.821105957 700.76159668 950.79864502
eeg 875.129516602 641.542358398 595.482910156 950.79864502
a nan nan nan nan
b nan nan nan nan
d nan nan nan nan
g nan nan nan nan
t nan nan nan nan
h 4.0 4.0 4.0 4.0
c 0.0
Aa 0.0 0.0 0.0 0.0
Ab 0.0 0.0 0.0 0.0
Ad 0.0 0.0 0.0 0.0
Ag 0.0 0.0 0.0 0.0
At 0.0 0.0 0.0 0.0
as 0.0 0.0 0.0 0.0
bs 0.0 0.0 0.0 0.0
ds 0.0 0.0 0.0 0.0
gs 0.0 0.0 0.0 0.0
ts 0.0 0.0 0.0 0.0
eeg 875.129516602 852.09979248 806.040344238 950.79864502
eeg 690.891723633 746.821105957 700.76159668 845.519897461
eeg 743.53112793 746.821105957 700.76159668 845.519897461
eeg 664.57208252 746.821105957 700.76159668 1003.43798828
eeg 769.850830078 536.26361084 542.843505859 898.159240723
eeg 822.49017334 536.26361084 648.122253418 898.159240723
eeg 717.211425781 641.542358398 858.679748535 845.519897461
eeg 664.57208252 641.542358398 858.679748535 898.159240723
eeg 611.932678223 641.542358398 858.679748535 845.519897461
eeg 664.57208252 641.542358398 858.679748535 1003.43798828
eeg 559.293334961 746.821105957 963.958496094 1003.43798828
eeg 769.850830078 536.26361084 595.482910156 1056.07739258
eeg 611.932678223 641.542358398 648.122253418 792.880554199
eeg 664.57208252 641.542358398 700.76159668 845.519897461
eeg 822.49017334 536.26361084 490.20413208 845.519897461
eeg 769.850830078 957.378540039 963.958496094 845.519897461
eeg 769.850830078 641.542358398 648.122253418 898.159240723
eeg 822.49017334 641.542358398 648.122253418 740.241149902
eeg 717.211425781 746.821105957 806.040344238 845.519897461
eeg 664.57208252 746.821105957 806.040344238 792.880554199
eeg 769.850830078 641.542358398 700.76159668 977.118347168
eeg 927.768920898 430.984863281 490.20413208 977.118347168
a nan nan nan nan
b nan nan nan nan
d nan nan nan nan
g nan nan nan nan
t nan nan nan nan
h 4.0 4.0 4.0 4.0
c 0.0
Aa 0.0 0.0 0.0 0.0
Ab 0.0 0.0 0.0 0.0
Ad 0.0 0.0 0.0 0.0
Ag 0.0 0.0 0.0 0.0
At 0.0 0.0 0.0 0.0
as 0.0 0.0 0.0 0.0
bs 0.0 0.0 0.0 0.0
ds 0.0 0.0 0.0 0.0
gs 0.0 0.0 0.0 0.0
ts 0.0 0.0 0.0 0.0
eeg 927.768920898 536.26361084 595.482910156 924.478942871
eeg 875.129516602 430.984863281 490.20413208 950.79864502
eeg 822.49017334 536.26361084 700.76159668 924.478942871
eeg 611.932678223 536.26361084 700.76159668 1003.43798828
eeg 927.768920898 325.706115723 384.925415039 1003.43798828
eeg 822.49017334 536.26361084 595.482910156 1003.43798828
eeg 875.129516602 536.26361084 595.482910156 871.839599609
eeg 717.211425781 536.26361084 490.20413208 871.839599609
eeg 717.211425781 641.542358398 595.482910156 871.839599609
eeg 717.211425781 641.542358398 595.482910156 950.79864502
eeg 927.768920898 430.984863281 384.925415039 977.118347168
eeg 875.129516602 746.821105957 806.040344238 924.478942871
eeg 664.57208252 641.542358398 700.76159668 766.560852051
eeg 769.850830078 641.542358398 595.482910156 845.519897461
eeg 875.129516602 694.18170166 542.843505859 950.79864502
eeg 875.129516602 904.739196777 700.76159668 950.79864502
eeg 769.850830078 799.460449219 595.482910156 950.79864502
eeg 875.129516602 799.460449219 595.482910156 792.880554199
eeg 769.850830078 852.09979248 648.122253418 898.159240723
eeg 769.850830078 799.460449219 595.482910156 898.159240723
eeg 875.129516602 799.460449219 648.122253418 950.79864502
eeg 875.129516602 799.460449219 700.76159668 950.79864502
a nan nan nan nan
b nan nan nan nan
d nan nan nan nan
g nan nan nan nan
t nan nan nan nan
h 4.0 4.0 4.0 4.0
c 0.0
Aa 0.0 0.0 0.0 0.0
Ab 0.0 0.0 0.0 0.0
Ad 0.0 0.0 0.0 0.0
Ag 0.0 0.0 0.0 0.0
At 0.0 0.0 0.0 0.0
as 0.0 0.0 0.0 0.0
bs 0.0 0.0 0.0 0.0
ds 0.0 0.0 0.0 0.0
gs 0.0 0.0 0.0 0.0
ts 0.0 0.0 0.0 0.0
eeg 875.129516602 641.542358398 437.564758301 845.519897461
eeg 875.129516602 746.821105957 542.843505859 792.880554199
eeg 717.211425781 799.460449219 700.76159668 792.880554199
eeg 717.211425781 799.460449219 806.040344238 950.79864502
eeg 822.49017334 694.18170166 700.76159668 898.159240723
eeg 664.57208252 694.18170166 700.76159668 898.159240723
eeg 822.49017334 641.542358398 595.482910156 792.880554199
eeg 664.57208252 746.821105957 700.76159668 845.519897461
eeg 695.826660156 781.365661621 840.584960938 863.614685059
eeg 748.466064453 781.365661621 840.584960938 889.934387207
eeg 906.384155273 781.365661621 840.584960938 916.25402832
eeg 906.384155273 886.64440918 945.863708496 889.934387207
eeg 853.744812012 781.365661621 840.584960938 810.975280762
eeg 853.744812012 886.64440918 945.863708496 863.614685059
eeg 853.744812012 781.365661621 840.584960938 810.975280762
eeg 959.02355957 781.365661621 840.584960938 889.934387207
eeg 906.384155273 781.365661621 840.584960938 889.934387207
eeg 906.384155273 676.086914062 735.306213379 784.655639648
eeg 853.744812012 781.365661621 945.863708496 889.934387207
eeg 853.744812012 570.808166504 735.306213379 863.614685059
eeg 959.02355957 676.086914062 945.863708496 916.25402832
eeg 853.744812012 781.365661621 1051.14245605 942.573730469
a nan nan nan nan
b nan nan nan nan
d nan nan nan nan
g nan nan nan nan
t nan nan nan nan
h 4.0 4.0 4.0 4.0
c 0.0
Aa 0.0 0.0 0.0 0.0
Ab 0.0 0.0 0.0 0.0
Ad 0.0 0.0 0.0 0.0
Ag 0.0 0.0 0.0 0.0
At 0.0 0.0 0.0 0.0
as 0.0 0.0 0.0 0.0
bs 0.0 0.0 0.0 0.0
ds 0.0 0.0 0.0 0.0
gs 0.0 0.0 0.0 0.0
ts 0.0 0.0 0.0 0.0
eeg 853.744812012 570.808166504 735.306213379 837.29498291
eeg 695.826660156 781.365661621 945.863708496 837.29498291
eeg 748.466064453 570.808166504 630.02746582 863.614685059
eeg 860.324707031 676.086914062 735.306213379 810.975280762
eeg 899.804260254 834.005004883 893.224304199 810.975280762
eeg 827.425109863 676.086914062 735.306213379 758.3359375
eeg 850.454833984 676.086914062 682.666870117 705.696594238
eeg 820.845214844 728.726318359 735.306213379 810.975280762
eeg 745.176086426 728.726318359 735.306213379 810.975280762
eeg 926.123962402 728.726318359 735.306213379 863.614685059
eeg 893.224304199 781.365661621 787.945556641 863.614685059
eeg 860.324707031 676.086914062 577.388122559 810.975280762
eeg 745.176086426 886.64440918 840.584960938 810.975280762
eeg 758.3359375 676.086914062 630.02746582 863.614685059
eeg 866.904663086 728.726318359 682.666870117 863.614685059
eeg 926.123962402 781.365661621 787.945556641 863.614685059
eeg 824.135131836 676.086914062 682.666870117 810.975280762
eeg 827.425109863 676.086914062 682.666870117 758.3359375
eeg 804.395385742 676.086914062 682.666870117 916.25402832
eeg 804.395385742 676.086914062 472.109344482 863.614685059
eeg 962.313476562 728.726318359 577.388122559 863.614685059
eeg 804.395385742 886.64440918 787.945556641 916.25402832
a nan nan nan nan
b nan nan nan nan
d nan nan nan nan
g nan nan nan nan
t nan nan nan nan
h 4.0 4.0 4.0 4.0
c 0.0
Aa 0.0 0.0 0.0 0.0
Ab 0.0 0.0 0.0 0.0
Ad 0.0 0.0 0.0 0.0
Ag 0.0 0.0 0.0 0.0
At 0.0 0.0 0.0 0.0
as 0.0 0.0 0.0 0.0
bs 0.0 0.0 0.0 0.0
ds 0.0 0.0 0.0 0.0
gs 0.0 0.0 0.0 0.0
ts 0.0 0.0 0.0 0.0
eeg 804.395385742 570.808166504 472.109344482 889.934387207
eeg 751.75604248 728.726318359 577.388122559 837.29498291
eeg 751.75604248 676.086914062 577.388122559 942.573730469
eeg 804.395385742 623.447570801 472.109344482 942.573730469
eeg 857.034729004 728.726318359 577.388122559 916.25402832
eeg 751.75604248 728.726318359 577.388122559 916.25402832
eeg 804.395385742 570.808166504 366.830627441 784.655639648
eeg 804.395385742 728.726318359 577.388122559 968.893432617
eeg 751.75604248 728.726318359 577.388122559 916.25402832
eeg 751.75604248 676.086914062 577.388122559 968.893432617
eeg 909.674133301 623.447570801 472.109344482 916.25402832
eeg 804.395385742 781.365661621 682.666870117 916.25402832
eeg 751.75604248 676.086914062 682.666870117 784.655639648
eeg 804.395385742 623.447570801 735.306213379 837.29498291
eeg 909.674133301 623.447570801 787.945556641 837.29498291
eeg 962.313476562 623.447570801 735.306213379 784.655639648
eeg 962.313476562 570.808166504 735.306213379 784.655639648
eeg 857.034729004 781.365661621 998.503051758 679.37689209
eeg 857.034729004 570.808166504 735.306213379 889.934387207
eeg 857.034729004 676.086914062 787.945556641 837.29498291
eeg 909.674133301 676.086914062 787.945556641 837.29498291
eeg 909.674133301 676.086914062 840.584960938 784.655639648
a nan nan nan nan
b nan nan nan nan
d nan nan nan nan
g nan nan nan nan
t nan nan nan nan
h 4.0 4.0 4.0 4.0
c 0.0
Aa 0.0 0.0 0.0 0.0
Ab 0.0 0.0 0.0 0.0
Ad 0.0 0.0 0.0 0.0
Ag 0.0 0.0 0.0 0.0
At 0.0 0.0 0.0 0.0
as 0.0 0.0 0.0 0.0
bs 0.0 0.0 0.0 0.0
ds 0.0 0.0 0.0 0.0
gs 0.0 0.0 0.0 0.0
ts 0.0 0.0 0.0 0.0
eeg 857.034729004 570.808166504 630.02746582 784.655639648
eeg 857.034729004 623.447570801 630.02746582 732.016235352
eeg 804.395385742 728.726318359 787.945556641 837.29498291
eeg 646.477294922 834.005004883 945.863708496 837.29498291
eeg 909.674133301 570.808166504 682.666870117 784.655639648
eeg 751.75604248 728.726318359 787.945556641 784.655639648
eeg 857.034729004 570.808166504 577.388122559 732.016235352
eeg 909.674133301 570.808166504 682.666870117 889.934387207
eeg 804.395385742 676.086914062 787.945556641 889.934387207
eeg 804.395385742 570.808166504 682.666870117 889.934387207
eeg 1014.95288086 465.529449463 577.388122559 837.29498291
eeg 909.674133301 676.086914062 787.945556641 889.934387207
eeg 909.674133301 570.808166504 682.666870117 784.655639648
eeg 909.674133301 570.808166504 787.945556641 942.573730469
eeg 751.75604248 570.808166504 787.945556641 942.573730469
eeg 1014.95288086 360.250701904 366.830627441 889.934387207
eeg 1014.95288086 570.808166504 577.388122559 837.29498291
eeg 909.674133301 676.086914062 682.666870117 784.655639648
eeg 909.674133301 676.086914062 682.666870117 1047.85253906
eeg 804.395385742 676.086914062 682.666870117 995.213134766
eeg 804.395385742 676.086914062 682.666870117 995.213134766
eeg 962.313476562 570.808166504 577.388122559 889.934387207
a nan nan nan nan
b nan nan nan nan
d nan nan nan nan
g nan nan nan nan
t nan nan nan nan
h 4.0 4.0 4.0 4.0
c 0.0
Aa 0.0 0.0 0.0 0.0
Ab 0.0 0.0 0.0 0.0
Ad 0.0 0.0 0.0 0.0
Ag 0.0 0.0 0.0 0.0
At 0.0 0.0 0.0 0.0
as 0.0 0.0 0.0 0.0
bs 0.0 0.0 0.0 0.0
ds 0.0 0.0 0.0 0.0
gs 0.0 0.0 0.0 0.0
ts 0.0 0.0 0.0 0.0
eeg 804.395385742 781.365661621 893.224304199 942.573730469
eeg 804.395385742 781.365661621 893.224304199 988.633178711
eeg 857.034729004 676.086914062 735.306213379 1008.3729248
eeg 962.313476562 676.086914062 787.945556641 988.633178711
eeg 962.313476562 728.726318359 840.584960938 949.153686523
eeg 804.395385742 728.726318359 840.584960938 824.135131836
eeg 857.034729004 728.726318359 893.224304199 824.135131836
eeg 646.477294922 676.086914062 787.945556641 929.413879395
eeg 857.034729004 570.808166504 630.02746582 889.934387207
eeg 699.116638184 781.365661621 840.584960938 955.733581543
eeg 909.674133301 623.447570801 682.666870117 863.614685059
eeg 804.395385742 728.726318359 787.945556641 843.874938965
eeg 804.395385742 728.726318359 840.584960938 850.454833984
eeg 804.395385742 676.086914062 682.666870117 962.313476562
eeg 857.034729004 676.086914062 735.306213379 968.893432617
eeg 857.034729004 781.365661621 840.584960938 896.514282227
eeg 699.116638184 728.726318359 787.945556641 889.934387207
eeg 804.395385742 623.447570801 630.02746582 784.655639648
eeg 857.034729004 676.086914062 682.666870117 942.573730469
eeg 909.674133301 728.726318359 735.306213379 889.934387207
eeg 1014.95288086 623.447570801 630.02746582 889.934387207
eeg 1067.59228516 623.447570801 630.02746582 732.016235352
a nan nan nan nan
b nan nan nan nan
d nan nan nan nan
g nan nan nan nan
t nan nan nan nan
h 4.0 4.0 4.0 4.0
c 0.0
Aa 0.0 0.0 0.0 0.0
Ab 0.0 0.0 0.0 0.0
Ad 0.0 0.0 0.0 0.0
Ag 0.0 0.0 0.0 0.0
At 0.0 0.0 0.0 0.0
as 0.0 0.0 0.0 0.0
bs 0.0 0.0 0.0 0.0
ds 0.0 0.0 0.0 0.0
gs 0.0 0.0 0.0 0.0
ts 0.0 0.0 0.0 0.0
eeg 962.313476562 676.086914062 682.666870117 837.29498291
eeg 909.674133301 676.086914062 682.666870117 626.737487793
eeg 962.313476562 728.726318359 787.945556641 837.29498291
eeg 962.313476562 676.086914062 682.666870117 837.29498291
eeg 1014.95288086 676.086914062 682.666870117 784.655639648
eeg 751.75604248 834.005004883 893.224304199 784.655639648
eeg 857.034729004 570.808166504 577.388122559 732.016235352
eeg 857.034729004 676.086914062 682.666870117 942.573730469
eeg 857.034729004 781.365661621 787.945556641 889.934387207
eeg 751.75604248 676.086914062 682.666870117 889.934387207
eeg 857.034729004 676.086914062 682.666870117 837.29498291
eeg 751.75604248 781.365661621 787.945556641 837.29498291
eeg 857.034729004 781.365661621 787.945556641 679.37689209
eeg 909.674133301 1097.2019043 998.503051758 837.29498291
eeg 751.75604248 1097.2019043 1103.78186035 837.29498291
eeg 962.313476562 781.365661621 682.666870117 784.655639648
eeg 857.034729004 886.64440918 787.945556641 784.655639648
eeg 857.034729004 886.64440918 787.945556641 784.655639648
eeg 857.034729004 886.64440918 787.945556641 1100.49182129
eeg 857.034729004 886.64440918 787.945556641 1100.49182129
eeg 857.034729004 781.365661621 577.388122559 837.29498291
eeg 909.674133301 886.64440918 682.666870117 837.29498291
a nan nan nan nan
b nan nan nan nan
d nan nan nan nan
g nan nan nan nan
t nan nan nan nan
h 4.0 4.0 4.0 4.0
c 0.0
Aa 0.0 0.0 0.0 0.0
Ab 0.0 0.0 0.0 0.0
Ad 0.0 0.0 0.0 0.0
Ag 0.0 0.0 0.0 0.0
At 0.0 0.0 0.0 0.0
as 0.0 0.0 0.0 0.0
bs 0.0 0.0 0.0 0.0
ds 0.0 0.0 0.0 0.0
gs 0.0 0.0 0.0 0.0
ts 0.0 0.0 0.0 0.0
eeg 751.75604248 781.365661621 577.388122559 784.655639648
eeg 751.75604248 991.923156738 893.224304199 889.934387207
eeg 804.395385742 781.365661621 682.666870117 942.573730469
eeg 857.034729004 781.365661621 787.945556641 942.573730469
eeg 909.674133301 781.365661621 787.945556641 837.29498291
eeg 740.241149902 704.051574707 751.75604248 807.68536377
eeg 792.880554199 651.412231445 699.116638184 860.324707031
eeg 819.200195312 651.412231445 699.116638184 965.60345459
eeg 845.519897461 704.051574707 751.75604248 965.60345459
eeg 819.200195312 651.412231445 751.75604248 965.60345459
eeg 819.200195312 756.690979004 857.034729004 860.324707031
eeg 687.601806641 598.772827148 646.477294922 860.324707031
eeg 792.880554199 651.412231445 699.116638184 860.324707031
eeg 792.880554199 704.051574707 699.116638184 912.964111328
eeg 924.478942871 598.772827148 646.477294922 965.60345459
eeg 924.478942871 809.330322266 857.034729004 912.964111328
eeg 766.560852051 651.412231445 699.116638184 912.964111328
eeg 792.880554199 651.412231445 699.116638184 860.324707031
eeg 792.880554199 704.051574707 751.75604248 965.60345459
eeg 845.519897461 704.051574707 751.75604248 912.964111328
eeg 819.200195312 704.051574707 751.75604248 965.60345459
eeg 898.159240723 651.412231445 646.477294922 807.68536377
a nan nan nan nan
b nan nan nan nan
d nan nan nan nan
g nan nan nan nan
t nan nan nan nan
h 4.0 4.0 4.0 4.0
c 0.0
Aa 0.0 0.0 0.0 0.0
Ab 0.0 0.0 0.0 0.0
Ad 0.0 0.0 0.0 0.0
Ag 0.0 0.0 0.0 0.0
At 0.0 0.0 0.0 0.0
as 0.0 0.0 0.0 0.0
bs 0.0 0.0 0.0 0.0
ds 0.0 0.0 0.0 0.0
gs 0.0 0.0 0.0 0.0
ts 0.0 0.0 0.0 0.0
eeg 792.880554199 704.051574707 751.75604248 912.964111328
eeg 845.519897461 704.051574707 751.75604248 912.964111328
eeg 950.79864502 704.051574707 751.75604248 965.60345459
eeg 950.79864502 704.051574707 751.75604248 965.60345459
eeg 950.79864502 704.051574707 751.75604248 912.964111328
eeg 792.880554199 704.051574707 751.75604248 912.964111328
eeg 792.880554199 756.690979004 857.034729004 912.964111328
eeg 740.241149902 651.412231445 751.75604248 912.964111328
eeg 950.79864502 651.412231445 699.116638184 912.964111328
eeg 740.241149902 756.690979004 857.034729004 860.324707031
eeg 950.79864502 598.772827148 646.477294922 860.324707031
eeg 845.519897461 651.412231445 646.477294922 912.964111328
eeg 845.519897461 704.051574707 699.116638184 860.324707031
eeg 950.79864502 704.051574707 751.75604248 912.964111328
eeg 792.880554199 861.969726562 1014.95288086 965.60345459
eeg 898.159240723 546.133483887 646.477294922 860.324707031
eeg 792.880554199 756.690979004 962.313476562 912.964111328
eeg 792.880554199 651.412231445 751.75604248 912.964111328
eeg 845.519897461 651.412231445 751.75604248 965.60345459
eeg 845.519897461 756.690979004 857.034729004 965.60345459
eeg 792.880554199 651.412231445 751.75604248 965.60345459
eeg 845.519897461 756.690979004 857.034729004 860.324707031
a nan nan nan nan
b nan nan nan nan
d nan nan nan nan
g nan nan nan nan
t nan nan nan nan
h 4.0 4.0 4.0 4.0
c 0.0
Aa 0.0 0.0 0.0 0.0
Ab 0.0 0.0 0.0 0.0
Ad 0.0 0.0 0.0 0.0
Ag 0.0 0.0 0.0 0.0
At 0.0 0.0 0.0 0.0
as 0.0 0.0 0.0 0.0
bs 0.0 0.0 0.0 0.0
ds 0.0 0.0 0.0 0.0
gs 0.0 0.0 0.0 0.0
ts 0.0 0.0 0.0 0.0
eeg 687.601806641 651.412231445 646.477294922 1018.24285889
eeg 634.962402344 756.690979004 751.75604248 965.60345459
eeg 634.962402344 756.690979004 751.75604248 965.60345459
eeg 845.519897461 440.854736328 435.919799805 1018.24285889
eeg 792.880554199 756.690979004 857.034729004 860.324707031
eeg 792.880554199 651.412231445 751.75604248 965.60345459
eeg 792.880554199 651.412231445 646.477294922 912.964111328
eeg 792.880554199 756.690979004 857.034729004 965.60345459
eeg 898.159240723 546.133483887 646.477294922 912.964111328
eeg 950.79864502 651.412231445 751.75604248 912.964111328
eeg 898.159240723 756.690979004 857.034729004 755.045959473
eeg 792.880554199 651.412231445 751.75604248 860.324707031
eeg 792.880554199 756.690979004 857.034729004 860.324707031
eeg 845.519897461 651.412231445 751.75604248 912.964111328
eeg 898.159240723 651.412231445 751.75604248 912.964111328
eeg 898.159240723 756.690979004 857.034729004 1018.24285889
eeg 792.880554199 546.133483887 541.198547363 755.045959473
eeg 792.880554199 756.690979004 751.75604248 912.964111328
eeg 582.323059082 756.690979004 751.75604248 965.60345459
eeg 898.159240723 546.133483887 541.198547363 912.964111328
eeg 792.880554199 756.690979004 751.75604248 912.964111328
eeg 898.159240723 546.133483887 541.198547363 860.324707031
a nan nan nan nan
b nan nan nan nan
d nan nan nan nan
g nan nan nan nan
t nan nan nan nan
h 4.0 4.0 4.0 4.0
c 0.0
Aa 0.0 0.0 0.0 0.0
Ab 0.0 0.0 0.0 0.0
Ad 0.0 0.0 0.0 0.0
Ag 0.0 0.0 0.0 0.0
At 0.0 0.0 0.0 0.0
as 0.0 0.0 0.0 0.0
bs 0.0 0.0 0.0 0.0
ds 0.0 0.0 0.0 0.0
gs 0.0 0.0 0.0 0.0
ts 0.0 0.0 0.0 0.0
eeg 898.159240723 651.412231445 646.477294922 912.964111328
eeg 740.241149902 756.690979004 751.75604248 912.964111328
eeg 845.519897461 651.412231445 646.477294922 965.60345459
eeg 898.159240723 651.412231445 646.477294922 912.964111328
eeg 845.519897461 704.051574707 699.116638184 926.123962402
eeg 845.519897461 704.051574707 646.477294922 755.045959473
eeg 740.241149902 861.969726562 909.674133301 906.384155273
eeg 792.880554199 704.051574707 751.75604248 906.384155273
eeg 845.519897461 704.051574707 751.75604248 886.64440918
eeg 740.241149902 756.690979004 857.034729004 886.64440918
eeg 845.519897461 651.412231445 699.116638184 755.045959473
eeg 792.880554199 651.412231445 646.477294922 866.904663086
eeg 792.880554199 704.051574707 699.116638184 873.484558105
eeg 950.79864502 704.051574707 699.116638184 912.964111328
eeg 898.159240723 756.690979004 804.395385742 893.224304199
eeg 898.159240723 756.690979004 804.395385742 1070.88220215
eeg 740.241149902 756.690979004 804.395385742 781.365661621
eeg 792.880554199 651.412231445 646.477294922 959.02355957
eeg 898.159240723 651.412231445 646.477294922 932.703857422
eeg 898.159240723 861.969726562 909.674133301 860.324707031
eeg 740.241149902 704.051574707 699.116638184 807.68536377
eeg 845.519897461 598.772827148 488.559173584 649.767211914
a nan nan nan nan
b nan nan nan nan
d nan nan nan nan
g nan nan nan nan
t nan nan nan nan
h 4.0 4.0 4.0 4.0
c 0.0
Aa 0.0 0.0 0.0 0.0
Ab 0.0 0.0 0.0 0.0
Ad 0.0 0.0 0.0 0.0
Ag 0.0 0.0 0.0 0.0
At 0.0 0.0 0.0 0.0
as 0.0 0.0 0.0 0.0
bs 0.0 0.0 0.0 0.0
ds 0.0 0.0 0.0 0.0
gs 0.0 0.0 0.0 0.0
ts 0.0 0.0 0.0 0.0
eeg 687.601806641 651.412231445 593.837890625 860.324707031
eeg 740.241149902 546.133483887 488.559173584 807.68536377
eeg 792.880554199 704.051574707 699.116638184 860.324707031
eeg 740.241149902 704.051574707 699.116638184 807.68536377
eeg 792.880554199 598.772827148 593.837890625 860.324707031
eeg 740.241149902 598.772827148 593.837890625 702.406616211
eeg 740.241149902 756.690979004 699.116638184 860.324707031
eeg 740.241149902 704.051574707 699.116638184 912.964111328
eeg 845.519897461 704.051574707 699.116638184 860.324707031
eeg 898.159240723 598.772827148 593.837890625 807.68536377
eeg 792.880554199 861.969726562 804.395385742 755.045959473
eeg 687.601806641 809.330322266 804.395385742 755.045959473
eeg 687.601806641 809.330322266 909.674133301 912.964111328
eeg 634.962402344 809.330322266 909.674133301 965.60345459
eeg 898.159240723 388.215362549 383.280426025 860.324707031
eeg 740.241149902 861.969726562 857.034729004 807.68536377
eeg 740.241149902 704.051574707 751.75604248 755.045959473
eeg 740.241149902 651.412231445 646.477294922 860.324707031
eeg 792.880554199 704.051574707 751.75604248 860.324707031
eeg 845.519897461 704.051574707 751.75604248 860.324707031
eeg 687.601806641 704.051574707 804.395385742 912.964111328
eeg 792.880554199 704.051574707 804.395385742 807.68536377
a nan nan nan nan
b nan nan nan nan
d nan nan nan nan
g nan nan nan nan
t nan nan nan nan
h 4.0 4.0 4.0 4.0
c 0.0
Aa 0.0 0.0 0.0 0.0
Ab 0.0 0.0 0.0 0.0
Ad 0.0 0.0 0.0 0.0
Ag 0.0 0.0 0.0 0.0
At 0.0 0.0 0.0 0.0
as 0.0 0.0 0.0 0.0
bs 0.0 0.0 0.0 0.0
ds 0.0 0.0 0.0 0.0
gs 0.0 0.0 0.0 0.0
ts 0.0 0.0 0.0 0.0
eeg 582.323059082 651.412231445 699.116638184 860.324707031
eeg 740.241149902 651.412231445 646.477294922 912.964111328
eeg 792.880554199 756.690979004 751.75604248 912.964111328
eeg 792.880554199 651.412231445 646.477294922 912.964111328
eeg 792.880554199 809.330322266 857.034729004 860.324707031
eeg 792.880554199 704.051574707 751.75604248 807.68536377
eeg 792.880554199 704.051574707 699.116638184 860.324707031
eeg 898.159240723 704.051574707 699.116638184 965.60345459
eeg 924.478942871 809.330322266 804.395385742 860.324707031
eeg 924.478942871 704.051574707 699.116638184 834.005004883
eeg 845.519897461 704.051574707 699.116638184 728.726318359
eeg 871.839599609 704.051574707 699.116638184 912.964111328
eeg 792.880554199 704.051574707 646.477294922 886.64440918
eeg 871.839599609 756.690979004 751.75604248 886.64440918
eeg 871.839599609 756.690979004 751.75604248 834.005004883
eeg 819.200195312 651.412231445 593.837890625 834.005004883
eeg 819.200195312 756.690979004 751.75604248 834.005004883
eeg 792.880554199 704.051574707 646.477294922 939.283752441
eeg 898.159240723 704.051574707 646.477294922 965.60345459
eeg 898.159240723 809.330322266 804.395385742 912.964111328
eeg 687.601806641 756.690979004 804.395385742 912.964111328
eeg 792.880554199 598.772827148 541.198547363 807.68536377
a nan nan nan nan
b nan nan nan nan
d nan nan nan nan
g nan nan nan nan
t nan nan nan nan
h 4.0 4.0 4.0 4.0
c 0.0
Aa 0.0 0.0 0.0 0.0
Ab 0.0 0.0 0.0 0.0
Ad 0.0 0.0 0.0 0.0
Ag 0.0 0.0 0.0 0.0
At 0.0 0.0 0.0 0.0
as 0.0 0.0 0.0 0.0
bs 0.0 0.0 0.0 0.0
ds 0.0 0.0 0.0 0.0
gs 0.0 0.0 0.0 0.0
ts 0.0 0.0 0.0 0.0
eeg 819.200195312 651.412231445 593.837890625 886.64440918
eeg 792.880554199 651.412231445 593.837890625 912.964111328
eeg 1074.17211914 659.637145996 654.702148438 794.525512695
eeg 863.614685059 975.473327637 1075.81713867 820.845214844
eeg 916.25402832 606.997741699 654.702148438 820.845214844
eeg 810.975280762 817.555236816 865.259643555 820.845214844
eeg 810.975280762 817.555236816 865.259643555 978.763305664
eeg 916.25402832 554.358398438 549.423461914 847.164855957
eeg 968.893432617 817.555236816 759.980895996 847.164855957
eeg 810.975280762 712.276489258 759.980895996 847.164855957
eeg 810.975280762 659.637145996 654.702148438 794.525512695
eeg 863.614685059 712.276489258 759.980895996 926.123962402
eeg 810.975280762 817.555236816 865.259643555 926.123962402
eeg 916.25402832 554.358398438 549.423461914 873.484558105
eeg 916.25402832 764.91583252 759.980895996 873.484558105
eeg 810.975280762 712.276489258 759.980895996 926.123962402
eeg 810.975280762 712.276489258 759.980895996 794.525512695
eeg 810.975280762 712.276489258 759.980895996 952.443603516
eeg 863.614685059 712.276489258 759.980895996 952.443603516
eeg 942.573730469 764.91583252 812.620300293 899.804260254
eeg 863.614685059 712.276489258 759.980895996 794.525512695
eeg 837.29498291 764.91583252 759.980895996 794.525512695
a nan nan nan nan
b nan nan nan nan
d nan nan nan nan
g nan nan nan nan
t nan nan nan nan
h 4.0 4.0 4.0 4.0
c 0.0
Aa 0.0 0.0 0.0 0.0
Ab 0.0 0.0 0.0 0.0
Ad 0.0 0.0 0.0 0.0
Ag 0.0 0.0 0.0 0.0
At 0.0 0.0 0.0 0.0
as 0.0 0.0 0.0 0.0
bs 0.0 0.0 0.0 0.0
ds 0.0 0.0 0.0 0.0
gs 0.0 0.0 0.0 0.0
ts 0.0 0.0 0.0 0.0
eeg 837.29498291 764.91583252 759.980895996 1005.08300781
eeg 837.29498291 712.276489258 707.341552734 952.443603516
eeg 889.934387207 791.235534668 812.620300293 952.443603516
eeg 942.573730469 738.596191406 759.980895996 847.164855957
eeg 810.975280762 633.317443848 549.423461914 899.804260254
eeg 889.934387207 738.596191406 654.702148438 794.525512695
eeg 837.29498291 791.235534668 759.980895996 899.804260254
eeg 810.975280762 817.555236816 865.259643555 1005.08300781
eeg 942.573730469 685.956787109 759.980895996 1005.08300781
eeg 784.655639648 685.956787109 759.980895996 847.164855957
eeg 810.975280762 659.637145996 707.341552734 847.164855957
eeg 837.29498291 712.276489258 759.980895996 899.804260254
eeg 810.975280762 791.235534668 865.259643555 899.804260254
eeg 810.975280762 685.956787109 865.259643555 952.443603516
eeg 916.25402832 580.678039551 759.980895996 794.525512695
eeg 758.3359375 580.678039551 865.259643555 952.443603516
eeg 653.057189941 580.678039551 865.259643555 847.164855957
eeg 705.696594238 580.678039551 865.259643555 1005.08300781
eeg 863.614685059 475.39932251 654.702148438 952.443603516
eeg 863.614685059 685.956787109 865.259643555 952.443603516
eeg 810.975280762 580.678039551 759.980895996 1057.72241211
eeg 758.3359375 580.678039551 759.980895996 899.804260254
a nan nan nan nan
b nan nan nan nan
d nan nan nan nan
g nan nan nan nan
t nan nan nan nan
h 4.0 4.0 4.0 4.0
c 0.0
Aa 0.0 0.0 0.0 0.0
Ab 0.0 0.0 0.0 0.0
Ad 0.0 0.0 0.0 0.0
Ag 0.0 0.0 0.0 0.0
At 0.0 0.0 0.0 0.0
as 0.0 0.0 0.0 0.0
bs 0.0 0.0 0.0 0.0
ds 0.0 0.0 0.0 0.0
gs 0.0 0.0 0.0 0.0
ts 0.0 0.0 0.0 0.0
eeg 810.975280762 580.678039551 759.980895996 1057.72241211
eeg 810.975280762 580.678039551 654.702148438 952.443603516
eeg 968.893432617 685.956787109 759.980895996 952.443603516
eeg 863.614685059 791.235534668 970.538391113 847.164855957
eeg 758.3359375 580.678039551 654.702148438 952.443603516
eeg 758.3359375 791.235534668 759.980895996 1057.72241211
eeg 758.3359375 685.956787109 654.702148438 1005.08300781
eeg 863.614685059 633.317443848 707.341552734 1057.72241211
eeg 863.614685059 685.956787109 865.259643555 1057.72241211
eeg 758.3359375 528.038696289 707.341552734 794.525512695
eeg 758.3359375 580.678039551 707.341552734 952.443603516
eeg 758.3359375 580.678039551 759.980895996 1005.08300781
eeg 810.975280762 580.678039551 759.980895996 899.804260254
eeg 653.057189941 633.317443848 865.259643555 952.443603516
eeg 758.3359375 580.678039551 812.620300293 847.164855957
eeg 600.41784668 580.678039551 707.341552734 847.164855957
eeg 705.696594238 633.317443848 759.980895996 847.164855957
eeg 758.3359375 580.678039551 654.702148438 952.443603516
eeg 758.3359375 685.956787109 812.620300293 1005.08300781
eeg 810.975280762 580.678039551 707.341552734 952.443603516
eeg 758.3359375 633.317443848 759.980895996 899.804260254
eeg 758.3359375 685.956787109 812.620300293 899.804260254
a nan nan nan nan
b nan nan nan nan
d nan nan nan nan
g nan nan nan nan
t nan nan nan nan
h 4.0 4.0 4.0 4.0
c 0.0
Aa 0.0 0.0 0.0 0.0
Ab 0.0 0.0 0.0 0.0
Ad 0.0 0.0 0.0 0.0
Ag 0.0 0.0 0.0 0.0
At 0.0 0.0 0.0 0.0
as 0.0 0.0 0.0 0.0
bs 0.0 0.0 0.0 0.0
ds 0.0 0.0 0.0 0.0
gs 0.0 0.0 0.0 0.0
ts 0.0 0.0 0.0 0.0
eeg 758.3359375 633.317443848 707.341552734 899.804260254
eeg 916.25402832 791.235534668 812.620300293 847.164855957
eeg 810.975280762 633.317443848 496.784057617 794.525512695
eeg 916.25402832 633.317443848 496.784057617 689.246765137
eeg 758.3359375 685.956787109 602.062805176 794.525512695
eeg 810.975280762 528.038696289 496.784057617 741.886108398
eeg 810.975280762 738.596191406 707.341552734 847.164855957
eeg 916.25402832 475.39932251 391.505310059 847.164855957
eeg 916.25402832 685.956787109 602.062805176 794.525512695
eeg 810.975280762 633.317443848 602.062805176 794.525512695
eeg 810.975280762 580.678039551 496.784057617 794.525512695
eeg 810.975280762 685.956787109 602.062805176 899.804260254
eeg 863.614685059 685.956787109 602.062805176 847.164855957
eeg 810.975280762 685.956787109 602.062805176 794.525512695
eeg 863.614685059 685.956787109 602.062805176 741.886108398
eeg 653.057189941 738.596191406 707.341552734 847.164855957
eeg 758.3359375 580.678039551 602.062805176 847.164855957
eeg 863.614685059 738.596191406 707.341552734 880.064453125
eeg 863.614685059 738.596191406 812.620300293 934.348815918
eeg 863.614685059 738.596191406 812.620300293 916.25402832
eeg 653.057189941 843.874938965 917.899047852 955.733581543
eeg 705.696594238 685.956787109 812.620300293 898.159240723
a nan nan nan nan
b nan nan nan nan
d nan nan nan nan
g nan nan nan nan
t nan nan nan nan
h 4.0 4.0 4.0 4.0
c 0.0
Aa 0.0 0.0 0.0 0.0
Ab 0.0 0.0 0.0 0.0
Ad 0.0 0.0 0.0 0.0
Ag 0.0 0.0 0.0 0.0
At 0.0 0.0 0.0 0.0
as 0.0 0.0 0.0 0.0
bs 0.0 0.0 0.0 0.0
ds 0.0 0.0 0.0 0.0
gs 0.0 0.0 0.0 0.0
ts 0.0 0.0 0.0 0.0
eeg 705.696594238 685.956787109 812.620300293 916.25402832
eeg 863.614685059 685.956787109 707.341552734 883.354431152
eeg 653.057189941 843.874938965 917.899047852 810.975280762
eeg 810.975280762 685.956787109 812.620300293 786.300598145
eeg 653.057189941 738.596191406 812.620300293 878.419494629
eeg 653.057189941 791.235534668 917.899047852 847.164855957
eeg 653.057189941 791.235534668 917.899047852 922.833984375
eeg 863.614685059 580.678039551 707.341552734 929.413879395
eeg 810.975280762 685.956787109 707.341552734 740.241149902
eeg 758.3359375 738.596191406 812.620300293 824.135131836
eeg 758.3359375 580.678039551 602.062805176 842.229919434
eeg 810.975280762 791.235534668 917.899047852 894.86932373
eeg 916.25402832 685.956787109 812.620300293 842.229919434
eeg 916.25402832 633.317443848 707.341552734 736.951171875
eeg 916.25402832 791.235534668 812.620300293 736.951171875
eeg 705.696594238 791.235534668 812.620300293 789.590576172
eeg 758.3359375 633.317443848 707.341552734 789.590576172
eeg 758.3359375 843.874938965 917.899047852 894.86932373
eeg 810.975280762 633.317443848 707.341552734 842.229919434
eeg 810.975280762 633.317443848 602.062805176 736.951171875
eeg 863.614685059 685.956787109 707.341552734 736.951171875
eeg 758.3359375 738.596191406 812.620300293 789.590576172
a nan nan nan nan
b nan nan nan nan
d nan nan nan nan
g nan nan nan nan
t nan nan nan nan
h 4.0 4.0 4.0 4.0
c 0.0
Aa 0.0 0.0 0.0 0.0
Ab 0.0 0.0 0.0 0.0
Ad 0.0 0.0 0.0 0.0
Ag 0.0 0.0 0.0 0.0
At 0.0 0.0 0.0 0.0
as 0.0 0.0 0.0 0.0
bs 0.0 0.0 0.0 0.0
ds 0.0 0.0 0.0 0.0
gs 0.0 0.0 0.0 0.0
ts 0.0 0.0 0.0 0.0
eeg 758.3359375 738.596191406 812.620300293 947.508666992
eeg 810.975280762 738.596191406 812.620300293 894.86932373
eeg 758.3359375 685.956787109 707.341552734 736.951171875
eeg 863.614685059 685.956787109 707.341552734 736.951171875
eeg 758.3359375 791.235534668 812.620300293 947.508666992
eeg 732.016235352 685.956787109 707.341552734 894.86932373
eeg 863.614685059 580.678039551 496.784057617 842.229919434
eeg 863.614685059 633.317443848 602.062805176 842.229919434
eeg 863.614685059 633.317443848 602.062805176 894.86932373
eeg 626.737487793 738.596191406 707.341552734 789.590576172
eeg 732.016235352 633.317443848 602.062805176 894.86932373
eeg 758.3359375 580.678039551 496.784057617 842.229919434
eeg 863.614685059 791.235534668 707.341552734 842.229919434
eeg 810.975280762 528.038696289 496.784057617 842.229919434
eeg 810.975280762 685.956787109 602.062805176 789.590576172
eeg 784.655639648 633.317443848 602.062805176 894.86932373
eeg 732.016235352 633.317443848 602.062805176 894.86932373
eeg 889.934387207 738.596191406 812.620300293 1052.78747559
eeg 837.29498291 633.317443848 707.341552734 894.86932373
eeg 837.29498291 738.596191406 812.620300293 894.86932373
eeg 732.016235352 685.956787109 812.620300293 789.590576172
eeg 751.75604248 653.057189941 641.542358398 893.224304199
a nan nan nan nan
b nan nan nan nan
d nan nan nan nan
g nan nan nan nan
t nan nan nan nan
h 4.0 4.0 4.0 4.0
c 0.0
Aa 0.0 0.0 0.0 0.0
Ab 0.0 0.0 0.0 0.0
Ad 0.0 0.0 0.0 0.0
Ag 0.0 0.0 0.0 0.0
At 0.0 0.0 0.0 0.0
as 0.0 0.0 0.0 0.0
bs 0.0 0.0 0.0 0.0
ds 0.0 0.0 0.0 0.0
gs 0.0 0.0 0.0 0.0
ts 0.0 0.0 0.0 0.0
eeg 804.395385742 705.696594238 746.821105957 998.503051758
eeg 857.034729004 784.655639648 852.09979248 945.863708496
eeg 804.395385742 705.696594238 799.460449219 893.224304199
eeg 804.395385742 732.016235352 799.460449219 840.584960938
eeg 751.75604248 732.016235352 799.460449219 998.503051758
eeg 699.116638184 732.016235352 799.460449219 998.503051758
eeg 699.116638184 837.29498291 957.378540039 1051.14245605
eeg 751.75604248 679.37689209 799.460449219 945.863708496
eeg 751.75604248 679.37689209 694.18170166 893.224304199
eeg 751.75604248 758.3359375 799.460449219 893.224304199
eeg 751.75604248 705.696594238 746.821105957 893.224304199
eeg 804.395385742 705.696594238 746.821105957 945.863708496
eeg 857.034729004 732.016235352 746.821105957 893.224304199
eeg 699.116638184 784.655639648 852.09979248 893.224304199
eeg 804.395385742 732.016235352 799.460449219 787.945556641
eeg 646.477294922 732.016235352 799.460449219 840.584960938
eeg 751.75604248 626.737487793 694.18170166 866.904663086
eeg 909.674133301 574.098144531 641.542358398 840.584960938
eeg 962.313476562 679.37689209 746.821105957 814.265258789
eeg 962.313476562 679.37689209 746.821105957 866.904663086
eeg 909.674133301 679.37689209 746.821105957 735.306213379
eeg 909.674133301 679.37689209 746.821105957 893.224304199
a nan nan nan nan
b nan nan nan nan
d nan nan nan nan
g nan nan nan nan
t nan nan nan nan
h 4.0 4.0 4.0 4.0
c 0.0
Aa 0.0 0.0 0.0 0.0
Ab 0.0 0.0 0.0 0.0
Ad 0.0 0.0 0.0 0.0
Ag 0.0 0.0 0.0 0.0
At 0.0 0.0 0.0 0.0
as 0.0 0.0 0.0 0.0
bs 0.0 0.0 0.0 0.0
ds 0.0 0.0 0.0 0.0
gs 0.0 0.0 0.0 0.0
ts 0.0 0.0 0.0 0.0
eeg 962.313476562 521.458740234 536.26361084 893.224304199
eeg 1014.95288086 732.016235352 746.821105957 814.265258789
eeg 909.674133301 679.37689209 694.18170166 761.625915527
eeg 909.674133301 626.737487793 536.26361084 708.98651123
eeg 857.034729004 784.655639648 746.821105957 866.904663086
eeg 857.034729004 679.37689209 641.542358398 866.904663086
eeg 909.674133301 626.737487793 588.902954102 866.904663086
eeg 909.674133301 732.016235352 746.821105957 840.584960938
eeg 857.034729004 732.016235352 746.821105957 840.584960938
eeg 857.034729004 626.737487793 641.542358398 761.625915527
eeg 804.395385742 626.737487793 746.821105957 814.265258789
eeg 804.395385742 626.737487793 852.09979248 866.904663086
eeg 909.674133301 521.458740234 641.542358398 814.265258789
eeg 909.674133301 732.016235352 852.09979248 814.265258789
eeg 857.034729004 837.29498291 1062.65734863 761.625915527
eeg 593.837890625 521.458740234 641.542358398 814.265258789
eeg 751.75604248 521.458740234 536.26361084 866.904663086
eeg 699.116638184 837.29498291 852.09979248 866.904663086
eeg 962.313476562 416.180023193 325.706115723 814.265258789
eeg 857.034729004 942.573730469 852.09979248 814.265258789
eeg 857.034729004 626.737487793 641.542358398 708.98651123
eeg 804.395385742 626.737487793 536.26361084 708.98651123
a nan nan nan nan
b nan nan nan nan
d nan nan nan nan
g nan nan nan nan
t nan nan nan nan
h 4.0 4.0 4.0 4.0
c 0.0
Aa 0.0 0.0 0.0 0.0
Ab 0.0 0.0 0.0 0.0
Ad 0.0 0.0 0.0 0.0
Ag 0.0 0.0 0.0 0.0
At 0.0 0.0 0.0 0.0
as 0.0 0.0 0.0 0.0
bs 0.0 0.0 0.0 0.0
ds 0.0 0.0 0.0 0.0
gs 0.0 0.0 0.0 0.0
ts 0.0 0.0 0.0 0.0
eeg 857.034729004 732.016235352 746.821105957 919.544006348
eeg 909.674133301 732.016235352 746.821105957 814.265258789
eeg 751.75604248 732.016235352 746.821105957 761.625915527
eeg 804.395385742 626.737487793 641.542358398 761.625915527
eeg 857.034729004 732.016235352 799.460449219 866.904663086
eeg 804.395385742 679.37689209 852.09979248 814.265258789
eeg 857.034729004 574.098144531 746.821105957 814.265258789
eeg 909.674133301 574.098144531 694.18170166 708.98651123
eeg 804.395385742 626.737487793 746.821105957 761.625915527
eeg 751.75604248 626.737487793 746.821105957 708.98651123
eeg 804.395385742 626.737487793 746.821105957 866.904663086
eeg 857.034729004 521.458740234 536.26361084 814.265258789
eeg 909.674133301 626.737487793 588.902954102 761.625915527
eeg 962.313476562 574.098144531 588.902954102 814.265258789
eeg 804.395385742 784.655639648 904.739196777 761.625915527
eeg 699.116638184 679.37689209 852.09979248 866.904663086
eeg 804.395385742 521.458740234 641.542358398 866.904663086
eeg 804.395385742 679.37689209 746.821105957 814.265258789
eeg 909.674133301 626.737487793 694.18170166 814.265258789
eeg 857.034729004 732.016235352 799.460449219 972.183410645
eeg 857.034729004 784.655639648 694.18170166 866.904663086
eeg 857.034729004 732.016235352 483.624206543 1024.82275391
a nan nan nan nan
b nan nan nan nan
d nan nan nan nan
g nan nan nan nan
t nan nan nan nan
h 4.0 4.0 4.0 4.0
c 0.0
Aa 0.0 0.0 0.0 0.0
Ab 0.0 0.0 0.0 0.0
Ad 0.0 0.0 0.0 0.0
Ag 0.0 0.0 0.0 0.0
At 0.0 0.0 0.0 0.0
as 0.0 0.0 0.0 0.0
bs 0.0 0.0 0.0 0.0
ds 0.0 0.0 0.0 0.0
gs 0.0 0.0 0.0 0.0
ts 0.0 0.0 0.0 0.0
eeg 909.674133301 889.934387207 483.624206543 1077.4621582
eeg 962.313476562 837.29498291 483.624206543 1077.4621582
eeg 593.837890625 995.213134766 694.18170166 1024.82275391
eeg 804.395385742 679.37689209 378.345489502 972.183410645
eeg 857.034729004 679.37689209 378.345489502 1024.82275391
eeg 857.034729004 942.573730469 694.18170166 1024.82275391
eeg 857.034729004 732.016235352 588.902954102 1077.4621582
eeg 857.034729004 732.016235352 588.902954102 919.544006348
eeg 751.75604248 679.37689209 483.624206543 1077.4621582
eeg 909.674133301 468.819396973 167.787994385 866.904663086
eeg 857.034729004 889.934387207 694.18170166 972.183410645
eeg 857.034729004 784.655639648 694.18170166 972.183410645
eeg 909.674133301 732.016235352 694.18170166 814.265258789
eeg 909.674133301 732.016235352 694.18170166 866.904663086
eeg 857.034729004 626.737487793 694.18170166 814.265258789
eeg 883.354431152 732.016235352 852.09979248 893.224304199
eeg 883.354431152 626.737487793 852.09979248 866.904663086
eeg 909.674133301 626.737487793 799.460449219 840.584960938
eeg 1014.95288086 626.737487793 746.821105957 735.306213379
eeg 830.715087891 679.37689209 799.460449219 814.265258789
eeg 778.075683594 679.37689209 852.09979248 761.625915527
eeg 857.034729004 679.37689209 852.09979248 919.544006348
a nan nan nan nan
b nan nan nan nan
d nan nan nan nan
g nan nan nan nan
t nan nan nan nan
h 4.0 4.0 4.0 4.0
c 0.0
Aa 0.0 0.0 0.0 0.0
Ab 0.0 0.0 0.0 0.0
Ad 0.0 0.0 0.0 0.0
Ag 0.0 0.0 0.0 0.0
At 0.0 0.0 0.0 0.0
as 0.0 0.0 0.0 0.0
bs 0.0 0.0 0.0 0.0
ds 0.0 0.0 0.0 0.0
gs 0.0 0.0 0.0 0.0
ts 0.0 0.0 0.0 0.0
eeg 962.313476562 521.458740234 588.902954102 893.224304199
eeg 988.633178711 732.016235352 799.460449219 840.584960938
eeg 857.034729004 679.37689209 799.460449219 840.584960938
eeg 857.034729004 626.737487793 641.542358398 814.265258789
eeg 857.034729004 679.37689209 694.18170166 945.863708496
eeg 883.354431152 679.37689209 694.18170166 919.544006348
eeg 883.354431152 679.37689209 694.18170166 893.224304199
eeg 935.993835449 626.737487793 641.542358398 787.945556641
eeg 830.715087891 679.37689209 641.542358398 787.945556641
eeg 883.354431152 679.37689209 641.542358398 735.306213379
eeg 883.354431152 732.016235352 746.821105957 945.863708496
eeg 857.034729004 732.016235352 746.821105957 840.584960938
eeg 962.313476562 732.016235352 746.821105957 840.584960938
eeg 830.715087891 679.37689209 694.18170166 787.945556641
eeg 830.715087891 679.37689209 694.18170166 787.945556641
eeg 857.034729004 679.37689209 694.18170166 893.224304199
eeg 857.034729004 732.016235352 746.821105957 893.224304199
eeg 962.313476562 574.098144531 588.902954102 630.02746582
eeg 935.993835449 837.29498291 904.739196777 735.306213379
eeg 830.715087891 626.737487793 694.18170166 893.224304199
eeg 830.715087891 679.37689209 746.821105957 787.945556641
eeg 857.034729004 626.737487793 641.542358398 893.224304199
a nan nan nan nan
b nan nan nan nan
d nan nan nan nan
g nan nan nan nan
t nan nan nan nan
h 4.0 4.0 4.0 4.0
c 0.0
Aa 0.0 0.0 0.0 0.0
Ab 0.0 0.0 0.0 0.0
Ad 0.0 0.0 0.0 0.0
Ag 0.0 0.0 0.0 0.0
At 0.0 0.0 0.0 0.0
as 0.0 0.0 0.0 0.0
bs 0.0 0.0 0.0 0.0
ds 0.0 0.0 0.0 0.0
gs 0.0 0.0 0.0 0.0
ts 0.0 0.0 0.0 0.0
eeg 883.354431152 732.016235352 746.821105957 893.224304199
eeg 935.993835449 732.016235352 746.821105957 893.224304199
eeg 883.354431152 679.37689209 641.542358398 814.265258789
eeg 830.715087891 784.655639648 746.821105957 840.584960938
eeg 830.715087891 784.655639648 746.821105957 893.224304199
eeg 830.715087891 784.655639648 746.821105957 866.904663086
eeg 672.796936035 889.934387207 852.09979248 945.863708496
eeg 935.993835449 574.098144531 536.26361084 735.306213379
eeg 778.075683594 732.016235352 641.542358398 814.265258789
eeg 778.075683594 732.016235352 641.542358398 814.265258789
eeg 830.715087891 679.37689209 641.542358398 866.904663086
eeg 830.715087891 837.29498291 746.821105957 893.224304199
eeg 883.354431152 732.016235352 746.821105957 866.904663086
eeg 830.715087891 732.016235352 746.821105957 840.584960938
eeg 778.075683594 784.655639648 852.09979248 866.904663086
eeg 778.075683594 521.458740234 536.26361084 893.224304199
eeg 830.715087891 732.016235352 746.821105957 893.224304199
eeg 883.354431152 626.737487793 641.542358398 814.265258789
eeg 935.993835449 783.010620117 796.170471191 773.14074707
eeg 883.354431152 730.371276855 743.53112793 931.058898926
eeg 935.993835449 730.371276855 690.891723633 878.419494629
eeg 1041.27258301 730.371276855 690.891723633 957.378540039
a nan nan nan nan
b nan nan nan nan
d nan nan nan nan
g nan nan nan nan
t nan nan nan nan
h 4.0 4.0 4.0 4.0
c 0.0
Aa 0.0 0.0 0.0 0.0
Ab 0.0 0.0 0.0 0.0
Ad 0.0 0.0 0.0 0.0
Ag 0.0 0.0 0.0 0.0
At 0.0 0.0 0.0 0.0
as 0.0 0.0 0.0 0.0
bs 0.0 0.0 0.0 0.0
ds 0.0 0.0 0.0 0.0
gs 0.0 0.0 0.0 0.0
ts 0.0 0.0 0.0 0.0
eeg 1093.9119873 730.371276855 690.891723633 931.058898926
eeg 1093.9119873 730.371276855 743.53112793 931.058898926
eeg 883.354431152 730.371276855 796.170471191 931.058898926
eeg 935.993835449 677.731872559 743.53112793 931.058898926
eeg 1041.27258301 519.813781738 480.334259033 878.419494629
eeg 1041.27258301 783.010620117 743.53112793 904.739196777
eeg 1093.9119873 677.731872559 690.891723633 957.378540039
eeg 1041.27258301 835.650024414 901.44921875 825.780151367
eeg 883.354431152 730.371276855 796.170471191 983.698242188
eeg 935.993835449 677.731872559 690.891723633 878.419494629
eeg 935.993835449 730.371276855 690.891723633 957.378540039
eeg 935.993835449 730.371276855 743.53112793 957.378540039
eeg 935.993835449 783.010620117 848.809875488 957.378540039
eeg 830.715087891 730.371276855 743.53112793 852.09979248
eeg 830.715087891 783.010620117 743.53112793 1010.01794434
eeg 883.354431152 783.010620117 743.53112793 1062.65734863
eeg 883.354431152 783.010620117 743.53112793 1010.01794434
eeg 725.436340332 835.650024414 848.809875488 1010.01794434
eeg 883.354431152 625.092529297 638.252380371 852.09979248
eeg 725.436340332 677.731872559 638.252380371 957.378540039
eeg 672.796936035 835.650024414 848.809875488 904.739196777
eeg 725.436340332 677.731872559 638.252380371 904.739196777
a nan nan nan nan
b nan nan nan nan
d nan nan nan nan
g nan nan nan nan
t nan nan nan nan
h 4.0 4.0 4.0 4.0
c 0.0
Aa 0.0 0.0 0.0 0.0
Ab 0.0 0.0 0.0 0.0
Ad 0.0 0.0 0.0 0.0
Ag 0.0 0.0 0.0 0.0
At 0.0 0.0 0.0 0.0
as 0.0 0.0 0.0 0.0
bs 0.0 0.0 0.0 0.0
ds 0.0 0.0 0.0 0.0
gs 0.0 0.0 0.0 0.0
ts 0.0 0.0 0.0 0.0
eeg 830.715087891 677.731872559 638.252380371 904.739196777
eeg 830.715087891 677.731872559 638.252380371 852.09979248
eeg 778.075683594 677.731872559 638.252380371 852.09979248
eeg 778.075683594 730.371276855 743.53112793 904.739196777
eeg 725.436340332 677.731872559 638.252380371 904.739196777
eeg 883.354431152 730.371276855 743.53112793 904.739196777
eeg 778.075683594 572.453186035 532.973632812 799.460449219
eeg 830.715087891 783.010620117 743.53112793 746.821105957
eeg 672.796936035 783.010620117 848.809875488 799.460449219
eeg 725.436340332 677.731872559 743.53112793 746.821105957
eeg 778.075683594 730.371276855 796.170471191 799.460449219
eeg 778.075683594 783.010620117 901.44921875 746.821105957
eeg 830.715087891 730.371276855 848.809875488 746.821105957
eeg 672.796936035 835.650024414 954.088623047 694.18170166
eeg 725.436340332 835.650024414 954.088623047 799.460449219
eeg 672.796936035 677.731872559 743.53112793 799.460449219
eeg 883.354431152 783.010620117 796.170471191 799.460449219
eeg 778.075683594 730.371276855 743.53112793 746.821105957
eeg 830.715087891 783.010620117 743.53112793 746.821105957
eeg 725.436340332 783.010620117 848.809875488 852.09979248
eeg 672.796936035 783.010620117 848.809875488 852.09979248
eeg 620.157592773 783.010620117 848.809875488 904.739196777
a nan nan nan nan
b nan nan nan nan
d nan nan nan nan
g nan nan nan nan
t nan nan nan nan
h 4.0 4.0 4.0 4.0
c 0.0
Aa 0.0 0.0 0.0 0.0
Ab 0.0 0.0 0.0 0.0
Ad 0.0 0.0 0.0 0.0
Ag 0.0 0.0 0.0 0.0
At 0.0 0.0 0.0 0.0
as 0.0 0.0 0.0 0.0
bs 0.0 0.0 0.0 0.0
ds 0.0 0.0 0.0 0.0
gs 0.0 0.0 0.0 0.0
ts 0.0 0.0 0.0 0.0
eeg 725.436340332 572.453186035 638.252380371 852.09979248
eeg 778.075683594 519.813781738 532.973632812 746.821105957
eeg 778.075683594 519.813781738 532.973632812 746.821105957
eeg 725.436340332 677.731872559 743.53112793 852.09979248
eeg 778.075683594 519.813781738 638.252380371 904.739196777
eeg 778.075683594 677.731872559 743.53112793 852.09979248
eeg 620.157592773 572.453186035 638.252380371 852.09979248
eeg 830.715087891 519.813781738 638.252380371 746.821105957
eeg 672.796936035 519.813781738 638.252380371 904.739196777
eeg 672.796936035 519.813781738 638.252380371 904.739196777
eeg 830.715087891 625.092529297 743.53112793 852.09979248
eeg 830.715087891 625.092529297 743.53112793 852.09979248
eeg 830.715087891 730.371276855 848.809875488 852.09979248
eeg 778.075683594 625.092529297 743.53112793 746.821105957
eeg 778.075683594 572.453186035 638.252380371 904.739196777
eeg 778.075683594 730.371276855 848.809875488 904.739196777
eeg 883.354431152 730.371276855 848.809875488 852.09979248
eeg 620.157592773 783.010620117 901.44921875 852.09979248
eeg 778.075683594 572.453186035 585.612976074 746.821105957
eeg 778.075683594 730.371276855 796.170471191 852.09979248
eeg 725.436340332 730.371276855 796.170471191 852.09979248
eeg 883.354431152 730.371276855 848.809875488 852.09979248
a nan nan nan nan
b nan nan nan nan
d nan nan nan nan
g nan nan nan nan
t nan nan nan nan
h 4.0 4.0 4.0 4.0
c 0.0
Aa 0.0 0.0 0.0 0.0
Ab 0.0 0.0 0.0 0.0
Ad 0.0 0.0 0.0 0.0
Ag 0.0 0.0 0.0 0.0
At 0.0 0.0 0.0 0.0
as 0.0 0.0 0.0 0.0
bs 0.0 0.0 0.0 0.0
ds 0.0 0.0 0.0 0.0
gs 0.0 0.0 0.0 0.0
ts 0.0 0.0 0.0 0.0
eeg 883.354431152 730.371276855 848.809875488 852.09979248
eeg 883.354431152 625.092529297 690.891723633 957.378540039
eeg 778.075683594 835.650024414 901.44921875 799.460449219
eeg 778.075683594 677.731872559 743.53112793 957.378540039
eeg 830.715087891 625.092529297 638.252380371 852.09979248
eeg 883.354431152 730.371276855 690.891723633 852.09979248
eeg 883.354431152 730.371276855 690.891723633 904.739196777
eeg 830.715087891 835.650024414 848.809875488 799.460449219
eeg 620.157592773 835.650024414 901.44921875 904.739196777
eeg 725.436340332 625.092529297 690.891723633 904.739196777
eeg 725.436340332 677.731872559 690.891723633 904.739196777
eeg 935.993835449 572.453186035 585.612976074 904.739196777
eeg 883.354431152 783.010620117 690.891723633 957.378540039
eeg 883.354431152 572.453186035 480.334259033 799.460449219
eeg 830.715087891 572.453186035 480.334259033 957.378540039
eeg 830.715087891 572.453186035 585.612976074 957.378540039
eeg 935.993835449 572.453186035 585.612976074 904.739196777
eeg 725.436340332 677.731872559 690.891723633 904.739196777
eeg 830.715087891 572.453186035 585.612976074 852.09979248
eeg 830.715087891 572.453186035 480.334259033 904.739196777
eeg 778.075683594 783.010620117 690.891723633 957.378540039
eeg 935.993835449 677.731872559 690.891723633 957.378540039
a nan nan nan nan
b nan nan nan nan
d nan nan nan nan
g nan nan nan nan
t nan nan nan nan
h 4.0 4.0 4.0 4.0
c 0.0
Aa 0.0 0.0 0.0 0.0
Ab 0.0 0.0 0.0 0.0
Ad 0.0 0.0 0.0 0.0
Ag 0.0 0.0 0.0 0.0
At 0.0 0.0 0.0 0.0
as 0.0 0.0 0.0 0.0
bs 0.0 0.0 0.0 0.0
ds 0.0 0.0 0.0 0.0
gs 0.0 0.0 0.0 0.0
ts 0.0 0.0 0.0 0.0
eeg 725.436340332 783.010620117 901.44921875 904.739196777
eeg 778.075683594 677.731872559 796.170471191 957.378540039
eeg 778.075683594 572.453186035 690.891723633 852.09979248
eeg 778.075683594 677.731872559 690.891723633 957.378540039
eeg 883.354431152 677.731872559 690.891723633 1010.01794434
eeg 894.86932373 888.289367676 901.44921875 904.739196777
eeg 875.129516602 677.731872559 638.252380371 799.460449219
eeg 824.135131836 940.928771973 848.809875488 694.18170166
eeg 758.3359375 835.650024414 796.170471191 799.460449219
eeg 740.241149902 835.650024414 848.809875488 799.460449219
eeg 611.932678223 940.928771973 1006.72796631 799.460449219
eeg 819.200195312 677.731872559 690.891723633 746.821105957
eeg 755.045959473 783.010620117 690.891723633 799.460449219
eeg 753.401000977 783.010620117 690.891723633 746.821105957
eeg 786.300598145 783.010620117 690.891723633 852.09979248
eeg 819.200195312 783.010620117 690.891723633 852.09979248
eeg 891.579345703 835.650024414 796.170471191 799.460449219
eeg 801.105407715 783.010620117 690.891723633 799.460449219
eeg 832.360046387 783.010620117 690.891723633 799.460449219
eeg 812.620300293 783.010620117 796.170471191 904.739196777
eeg 761.625915527 783.010620117 848.809875488 904.739196777
eeg 814.265258789 572.453186035 743.53112793 904.739196777
a nan nan nan nan
b nan nan nan nan
d nan nan nan nan
g nan nan nan nan
t nan nan nan nan
h 4.0 4.0 4.0 4.0
c 0.0
Aa 0.0 0.0 0.0 0.0
Ab 0.0 0.0 0.0 0.0
Ad 0.0 0.0 0.0 0.0
Ag 0.0 0.0 0.0 0.0
At 0.0 0.0 0.0 0.0
as 0.0 0.0 0.0 0.0
bs 0.0 0.0 0.0 0.0
ds 0.0 0.0 0.0 0.0
gs 0.0 0.0 0.0 0.0
ts 0.0 0.0 0.0 0.0
eeg 919.544006348 677.731872559 743.53112793 852.09979248
eeg 761.625915527 677.731872559 743.53112793 904.739196777
eeg 814.265258789 572.453186035 638.252380371 852.09979248
eeg 814.265258789 677.731872559 743.53112793 957.378540039
eeg 814.265258789 677.731872559 743.53112793 957.378540039
eeg 919.544006348 677.731872559 743.53112793 904.739196777
eeg 708.98651123 783.010620117 954.088623047 904.739196777
eeg 814.265258789 572.453186035 743.53112793 852.09979248
eeg 814.265258789 572.453186035 638.252380371 904.739196777
eeg 814.265258789 783.010620117 848.809875488 904.739196777
eeg 814.265258789 572.453186035 638.252380371 852.09979248
eeg 919.544006348 677.731872559 743.53112793 852.09979248
eeg 761.625915527 677.731872559 743.53112793 904.739196777
eeg 814.265258789 572.453186035 638.252380371 852.09979248
eeg 814.265258789 677.731872559 743.53112793 957.378540039
eeg 781.365661621 761.625915527 799.460449219 962.313476562
eeg 939.283752441 682.666870117 694.18170166 909.674133301
eeg 860.324707031 682.666870117 641.542358398 909.674133301
eeg 834.005004883 722.146362305 641.542358398 909.674133301
eeg 807.68536377 715.566467285 641.542358398 962.313476562
eeg 834.005004883 728.726318359 641.542358398 962.313476562
eeg 728.726318359 840.584960938 799.460449219 1014.95288086
a nan nan nan nan
b nan nan nan nan
d nan nan nan nan
g nan nan nan nan
t nan nan nan nan
h 4.0 4.0 4.0 4.0
c 0.0
Aa 0.0 0.0 0.0 0.0
Ab 0.0 0.0 0.0 0.0
Ad 0.0 0.0 0.0 0.0
Ag 0.0 0.0 0.0 0.0
At 0.0 0.0 0.0 0.0
as 0.0 0.0 0.0 0.0
bs 0.0 0.0 0.0 0.0
ds 0.0 0.0 0.0 0.0
gs 0.0 0.0 0.0 0.0
ts 0.0 0.0 0.0 0.0
eeg 939.283752441 465.529449463 378.345489502 804.395385742
eeg 755.045959473 702.406616211 536.26361084 804.395385742
eeg 834.005004883 715.566467285 588.902954102 857.034729004
eeg 834.005004883 761.625915527 694.18170166 909.674133301
eeg 860.324707031 728.726318359 694.18170166 962.313476562
eeg 912.964111328 669.507019043 641.542358398 909.674133301
eeg 834.005004883 676.086914062 641.542358398 751.75604248
eeg 807.68536377 676.086914062 641.542358398 804.395385742
eeg 807.68536377 781.365661621 799.460449219 909.674133301
eeg 807.68536377 662.927062988 694.18170166 909.674133301
eeg 860.324707031 610.287719727 588.902954102 909.674133301
eeg 860.324707031 662.927062988 641.542358398 751.75604248
eeg 755.045959473 557.64831543 588.902954102 804.395385742
eeg 702.406616211 715.566467285 799.460449219 804.395385742
eeg 755.045959473 662.927062988 746.821105957 962.313476562
eeg 860.324707031 505.008972168 536.26361084 909.674133301
eeg 860.324707031 768.205810547 799.460449219 909.674133301
eeg 755.045959473 662.927062988 746.821105957 857.034729004
eeg 755.045959473 662.927062988 746.821105957 857.034729004
eeg 807.68536377 505.008972168 483.624206543 857.034729004
eeg 807.68536377 715.566467285 694.18170166 909.674133301
eeg 912.964111328 662.927062988 694.18170166 909.674133301
a nan nan nan nan
b nan nan nan nan
d nan nan nan nan
g nan nan nan nan
t nan nan nan nan
h 4.0 4.0 4.0 4.0
c 0.0
Aa 0.0 0.0 0.0 0.0
Ab 0.0 0.0 0.0 0.0
Ad 0.0 0.0 0.0 0.0
Ag 0.0 0.0 0.0 0.0
At 0.0 0.0 0.0 0.0
as 0.0 0.0 0.0 0.0
bs 0.0 0.0 0.0 0.0
ds 0.0 0.0 0.0 0.0
gs 0.0 0.0 0.0 0.0
