ts 0.0 0.0 0.0 0.0
eeg 807.68536377 768.205810547 799.460449219 804.395385742
eeg 702.406616211 715.566467285 799.460449219 909.674133301
eeg 807.68536377 610.287719727 641.542358398 804.395385742
eeg 807.68536377 662.927062988 641.542358398 857.034729004
eeg 912.964111328 662.927062988 799.460449219 962.313476562
eeg 965.60345459 662.927062988 799.460449219 962.313476562
eeg 965.60345459 505.008972168 588.902954102 857.034729004
eeg 912.964111328 715.566467285 852.09979248 909.674133301
eeg 912.964111328 662.927062988 799.460449219 962.313476562
eeg 912.964111328 662.927062988 799.460449219 962.313476562
eeg 860.324707031 768.205810547 957.378540039 1067.59228516
eeg 912.964111328 610.287719727 799.460449219 857.034729004
eeg 807.68536377 610.287719727 641.542358398 857.034729004
eeg 912.964111328 662.927062988 641.542358398 857.034729004
eeg 912.964111328 662.927062988 641.542358398 857.034729004
eeg 965.60345459 662.927062988 641.542358398 962.313476562
eeg 965.60345459 768.205810547 799.460449219 804.395385742
eeg 755.045959473 768.205810547 852.09979248 857.034729004
eeg 807.68536377 610.287719727 641.542358398 857.034729004
eeg 860.324707031 662.927062988 746.821105957 962.313476562
eeg 860.324707031 715.566467285 852.09979248 909.674133301
eeg 965.60345459 505.008972168 641.542358398 751.75604248
a nan nan nan nan
b nan nan nan nan
d nan nan nan nan
g nan nan nan nan
t nan nan nan nan
h 4.0 4.0 4.0 4.0
c 0.0
Aa 0.0 0.0 0.0 0.0
Ab 0.0 0.0 0.0 0.0
Ad 0.0 0.0 0.0 0.0
Ag 0.0 0.0 0.0 0.0
At 0.0 0.0 0.0 0.0
as 0.0 0.0 0.0 0.0
bs 0.0 0.0 0.0 0.0
ds 0.0 0.0 0.0 0.0
gs 0.0 0.0 0.0 0.0
ts 0.0 0.0 0.0 0.0
eeg 965.60345459 768.205810547 852.09979248 751.75604248
eeg 860.324707031 610.287719727 746.821105957 909.674133301
eeg 755.045959473 662.927062988 746.821105957 830.715087891
eeg 755.045959473 662.927062988 746.821105957 935.993835449
eeg 807.68536377 557.64831543 641.542358398 909.674133301
eeg 860.324707031 662.927062988 641.542358398 909.674133301
eeg 755.045959473 610.287719727 641.542358398 830.715087891
eeg 755.045959473 715.566467285 746.821105957 883.354431152
eeg 702.406616211 610.287719727 641.542358398 857.034729004
eeg 807.68536377 610.287719727 641.542358398 883.354431152
eeg 860.324707031 610.287719727 641.542358398 804.395385742
eeg 860.324707031 715.566467285 746.821105957 778.075683594
eeg 807.68536377 715.566467285 852.09979248 935.993835449
eeg 755.045959473 662.927062988 746.821105957 857.034729004
eeg 860.324707031 610.287719727 746.821105957 909.674133301
eeg 912.964111328 662.927062988 746.821105957 909.674133301
eeg 912.964111328 557.64831543 641.542358398 778.075683594
eeg 649.767211914 873.484558105 957.378540039 857.034729004
eeg 755.045959473 557.64831543 641.542358398 883.354431152
eeg 860.324707031 557.64831543 641.542358398 935.993835449
eeg 860.324707031 820.845214844 957.378540039 935.993835449
eeg 649.767211914 662.927062988 852.09979248 935.993835449
a nan nan nan nan
b nan nan nan nan
d nan nan nan nan
g nan nan nan nan
t nan nan nan nan
h 4.0 4.0 4.0 4.0
c 0.0
Aa 0.0 0.0 0.0 0.0
Ab 0.0 0.0 0.0 0.0
Ad 0.0 0.0 0.0 0.0
Ag 0.0 0.0 0.0 0.0
At 0.0 0.0 0.0 0.0
as 0.0 0.0 0.0 0.0
bs 0.0 0.0 0.0 0.0
ds 0.0 0.0 0.0 0.0
gs 0.0 0.0 0.0 0.0
ts 0.0 0.0 0.0 0.0
eeg 860.324707031 452.369598389 536.26361084 804.395385742
eeg 755.045959473 662.927062988 746.821105957 935.993835449
eeg 755.045959473 610.287719727 641.542358398 883.354431152
eeg 860.324707031 557.64831543 641.542358398 883.354431152
eeg 755.045959473 873.484558105 957.378540039 909.674133301
eeg 807.68536377 662.927062988 746.821105957 909.674133301
eeg 807.68536377 662.927062988 746.821105957 778.075683594
eeg 755.045959473 715.566467285 746.821105957 935.993835449
eeg 781.365661621 768.205810547 957.378540039 935.993835449
eeg 860.324707031 610.287719727 852.09979248 830.715087891
eeg 886.64440918 610.287719727 852.09979248 778.075683594
eeg 886.64440918 768.205810547 957.378540039 725.436340332
eeg 755.045959473 610.287719727 852.09979248 830.715087891
eeg 676.086914062 768.205810547 957.378540039 830.715087891
eeg 702.406616211 768.205810547 957.378540039 988.633178711
eeg 912.964111328 452.369598389 536.26361084 830.715087891
eeg 860.324707031 768.205810547 746.821105957 830.715087891
eeg 781.365661621 768.205810547 852.09979248 830.715087891
eeg 755.045959473 768.205810547 852.09979248 883.354431152
eeg 781.365661621 768.205810547 852.09979248 935.993835449
eeg 886.64440918 610.287719727 641.542358398 935.993835449
eeg 912.964111328 610.287719727 641.542358398 778.075683594
a nan nan nan nan
b nan nan nan nan
d nan nan nan nan
g nan nan nan nan
t nan nan nan nan
h 4.0 4.0 4.0 4.0
c 0.0
Aa 0.0 0.0 0.0 0.0
Ab 0.0 0.0 0.0 0.0
Ad 0.0 0.0 0.0 0.0
Ag 0.0 0.0 0.0 0.0
At 0.0 0.0 0.0 0.0
as 0.0 0.0 0.0 0.0
bs 0.0 0.0 0.0 0.0
ds 0.0 0.0 0.0 0.0
gs 0.0 0.0 0.0 0.0
ts 0.0 0.0 0.0 0.0
eeg 886.64440918 768.205810547 852.09979248 778.075683594
eeg 781.365661621 768.205810547 852.09979248 935.993835449
eeg 781.365661621 715.566467285 904.739196777 883.354431152
eeg 781.365661621 557.64831543 641.542358398 883.354431152
eeg 939.283752441 557.64831543 641.542358398 778.075683594
eeg 939.283752441 715.566467285 799.460449219 830.715087891
eeg 834.005004883 715.566467285 852.09979248 883.354431152
eeg 834.005004883 610.287719727 746.821105957 830.715087891
eeg 834.005004883 610.287719727 746.821105957 830.715087891
eeg 939.283752441 768.205810547 904.739196777 830.715087891
eeg 728.726318359 662.927062988 799.460449219 778.075683594
eeg 834.005004883 768.205810547 904.739196777 778.075683594
eeg 676.086914062 610.287719727 641.542358398 988.633178711
eeg 781.365661621 557.64831543 483.624206543 830.715087891
eeg 834.005004883 768.205810547 746.821105957 830.715087891
eeg 834.005004883 768.205810547 799.460449219 830.715087891
eeg 834.005004883 715.566467285 799.460449219 778.075683594
eeg 728.726318359 715.566467285 799.460449219 778.075683594
eeg 781.365661621 610.287719727 694.18170166 935.993835449
eeg 834.005004883 715.566467285 799.460449219 935.993835449
eeg 886.64440918 715.566467285 799.460449219 830.715087891
eeg 834.005004883 610.287719727 694.18170166 830.715087891
a nan nan nan nan
b nan nan nan nan
d nan nan nan nan
g nan nan nan nan
t nan nan nan nan
h 4.0 4.0 4.0 4.0
c 0.0
Aa 0.0 0.0 0.0 0.0
Ab 0.0 0.0 0.0 0.0
Ad 0.0 0.0 0.0 0.0
Ag 0.0 0.0 0.0 0.0
At 0.0 0.0 0.0 0.0
as 0.0 0.0 0.0 0.0
bs 0.0 0.0 0.0 0.0
ds 0.0 0.0 0.0 0.0
gs 0.0 0.0 0.0 0.0
ts 0.0 0.0 0.0 0.0
eeg 834.005004883 715.566467285 799.460449219 778.075683594
eeg 728.726318359 715.566467285 799.460449219 830.715087891
eeg 728.726318359 715.566467285 799.460449219 830.715087891
eeg 623.447570801 715.566467285 799.460449219 883.354431152
eeg 939.283752441 399.730224609 378.345489502 778.075683594
eeg 834.005004883 715.566467285 694.18170166 830.715087891
eeg 834.005004883 505.008972168 483.624206543 725.436340332
eeg 834.005004883 610.287719727 588.902954102 883.354431152
eeg 781.365661621 610.287719727 588.902954102 883.354431152
eeg 886.64440918 610.287719727 588.902954102 830.715087891
eeg 728.726318359 820.845214844 904.739196777 883.354431152
eeg 834.005004883 505.008972168 588.902954102 778.075683594
eeg 708.98651123 748.466064453 806.040344238 967.248413086
eeg 732.016235352 643.187316895 595.482910156 861.969726562
eeg 853.744812012 537.908569336 490.20413208 861.969726562
eeg 814.265258789 748.466064453 700.76159668 861.969726562
eeg 810.975280762 537.908569336 490.20413208 914.609069824
eeg 774.785766602 695.826660156 700.76159668 914.609069824
eeg 778.075683594 643.187316895 700.76159668 1072.52722168
eeg 797.815490723 537.908569336 595.482910156 1019.88781738
eeg 906.384155273 695.826660156 700.76159668 1019.88781738
eeg 817.555236816 485.269195557 490.20413208 809.330322266
a nan nan nan nan
b nan nan nan nan
d nan nan nan nan
g nan nan nan nan
t nan nan nan nan
h 4.0 4.0 4.0 4.0
c 0.0
Aa 0.0 0.0 0.0 0.0
Ab 0.0 0.0 0.0 0.0
Ad 0.0 0.0 0.0 0.0
Ag 0.0 0.0 0.0 0.0
At 0.0 0.0 0.0 0.0
as 0.0 0.0 0.0 0.0
bs 0.0 0.0 0.0 0.0
ds 0.0 0.0 0.0 0.0
gs 0.0 0.0 0.0 0.0
ts 0.0 0.0 0.0 0.0
eeg 830.715087891 695.826660156 700.76159668 809.330322266
eeg 728.726318359 695.826660156 700.76159668 914.609069824
eeg 735.306213379 643.187316895 595.482910156 914.609069824
eeg 827.425109863 643.187316895 595.482910156 914.609069824
eeg 853.744812012 695.826660156 700.76159668 861.969726562
eeg 817.555236816 643.187316895 700.76159668 914.609069824
eeg 764.91583252 643.187316895 700.76159668 809.330322266
eeg 817.555236816 748.466064453 806.040344238 967.248413086
eeg 870.194580078 853.744812012 911.319091797 967.248413086
eeg 975.473327637 853.744812012 911.319091797 861.969726562
eeg 712.276489258 1064.30224609 1227.15539551 1019.88781738
eeg 870.194580078 748.466064453 911.319091797 861.969726562
eeg 817.555236816 748.466064453 911.319091797 967.248413086
eeg 817.555236816 853.744812012 1016.59783936 967.248413086
eeg 712.276489258 853.744812012 1016.59783936 967.248413086
eeg 870.194580078 748.466064453 806.040344238 914.609069824
eeg 764.91583252 853.744812012 911.319091797 1019.88781738
eeg 817.555236816 643.187316895 700.76159668 861.969726562
eeg 817.555236816 748.466064453 806.040344238 967.248413086
eeg 764.91583252 853.744812012 911.319091797 1019.88781738
eeg 870.194580078 643.187316895 700.76159668 967.248413086
eeg 817.555236816 643.187316895 700.76159668 809.330322266
a nan nan nan nan
b nan nan nan nan
d nan nan nan nan
g nan nan nan nan
t nan nan nan nan
h 4.0 4.0 4.0 4.0
c 0.0
Aa 0.0 0.0 0.0 0.0
Ab 0.0 0.0 0.0 0.0
Ad 0.0 0.0 0.0 0.0
Ag 0.0 0.0 0.0 0.0
At 0.0 0.0 0.0 0.0
as 0.0 0.0 0.0 0.0
bs 0.0 0.0 0.0 0.0
ds 0.0 0.0 0.0 0.0
gs 0.0 0.0 0.0 0.0
ts 0.0 0.0 0.0 0.0
eeg 817.555236816 748.466064453 806.040344238 809.330322266
eeg 764.91583252 643.187316895 753.401000977 861.969726562
eeg 764.91583252 643.187316895 753.401000977 809.330322266
eeg 817.555236816 590.547912598 700.76159668 809.330322266
eeg 817.555236816 643.187316895 806.040344238 756.690979004
eeg 764.91583252 590.547912598 753.401000977 809.330322266
eeg 659.637145996 748.466064453 963.958496094 756.690979004
eeg 712.276489258 590.547912598 753.401000977 914.609069824
eeg 817.555236816 432.629821777 490.20413208 861.969726562
eeg 817.555236816 748.466064453 753.401000977 809.330322266
eeg 764.91583252 643.187316895 753.401000977 809.330322266
eeg 764.91583252 748.466064453 911.319091797 756.690979004
eeg 712.276489258 643.187316895 753.401000977 861.969726562
eeg 764.91583252 643.187316895 700.76159668 861.969726562
eeg 817.555236816 643.187316895 648.122253418 861.969726562
eeg 817.555236816 748.466064453 806.040344238 809.330322266
eeg 764.91583252 748.466064453 806.040344238 914.609069824
eeg 817.555236816 748.466064453 595.482910156 809.330322266
eeg 870.194580078 748.466064453 595.482910156 940.928771973
eeg 870.194580078 748.466064453 595.482910156 967.248413086
eeg 922.833984375 748.466064453 595.482910156 940.928771973
eeg 606.997741699 853.744812012 806.040344238 835.650024414
a nan nan nan nan
b nan nan nan nan
d nan nan nan nan
g nan nan nan nan
t nan nan nan nan
h 4.0 4.0 4.0 4.0
c 0.0
Aa 0.0 0.0 0.0 0.0
Ab 0.0 0.0 0.0 0.0
Ad 0.0 0.0 0.0 0.0
Ag 0.0 0.0 0.0 0.0
At 0.0 0.0 0.0 0.0
as 0.0 0.0 0.0 0.0
bs 0.0 0.0 0.0 0.0
ds 0.0 0.0 0.0 0.0
gs 0.0 0.0 0.0 0.0
ts 0.0 0.0 0.0 0.0
eeg 764.91583252 537.908569336 384.925415039 835.650024414
eeg 764.91583252 643.187316895 490.20413208 914.609069824
eeg 764.91583252 748.466064453 595.482910156 914.609069824
eeg 817.555236816 643.187316895 490.20413208 861.969726562
eeg 817.555236816 853.744812012 700.76159668 809.330322266
eeg 764.91583252 643.187316895 490.20413208 809.330322266
eeg 606.997741699 853.744812012 806.040344238 835.650024414
eeg 659.637145996 748.466064453 806.040344238 1019.88781738
eeg 817.555236816 537.908569336 595.482910156 967.248413086
eeg 870.194580078 748.466064453 806.040344238 993.568115234
eeg 870.194580078 432.629821777 384.925415039 809.330322266
eeg 817.555236816 748.466064453 700.76159668 809.330322266
eeg 817.555236816 695.826660156 595.482910156 993.568115234
eeg 922.833984375 590.547912598 490.20413208 940.928771973
eeg 975.473327637 590.547912598 490.20413208 861.969726562
eeg 975.473327637 695.826660156 595.482910156 783.010620117
eeg 817.555236816 643.187316895 595.482910156 835.650024414
eeg 817.555236816 695.826660156 700.76159668 835.650024414
eeg 817.555236816 695.826660156 700.76159668 967.248413086
eeg 922.833984375 485.269195557 490.20413208 940.928771973
eeg 975.473327637 801.105407715 806.040344238 940.928771973
eeg 922.833984375 485.269195557 490.20413208 835.650024414
a nan nan nan nan
b nan nan nan nan
d nan nan nan nan
g nan nan nan nan
t nan nan nan nan
h 4.0 4.0 4.0 4.0
c 0.0
Aa 0.0 0.0 0.0 0.0
Ab 0.0 0.0 0.0 0.0
Ad 0.0 0.0 0.0 0.0
Ag 0.0 0.0 0.0 0.0
At 0.0 0.0 0.0 0.0
as 0.0 0.0 0.0 0.0
bs 0.0 0.0 0.0 0.0
ds 0.0 0.0 0.0 0.0
gs 0.0 0.0 0.0 0.0
ts 0.0 0.0 0.0 0.0
eeg 870.194580078 801.105407715 806.040344238 861.969726562
eeg 870.194580078 695.826660156 806.040344238 1019.88781738
eeg 922.833984375 643.187316895 700.76159668 993.568115234
eeg 922.833984375 695.826660156 700.76159668 835.650024414
eeg 975.473327637 695.826660156 700.76159668 783.010620117
eeg 922.833984375 643.187316895 700.76159668 763.270874023
eeg 764.91583252 959.02355957 1069.23718262 853.744812012
eeg 817.555236816 748.466064453 806.040344238 1018.24285889
eeg 870.194580078 695.826660156 700.76159668 934.348815918
eeg 922.833984375 906.384155273 911.319091797 950.79864502
eeg 712.276489258 853.744812012 911.319091797 957.378540039
eeg 764.91583252 853.744812012 911.319091797 894.86932373
eeg 659.637145996 695.826660156 700.76159668 873.484558105
eeg 870.194580078 695.826660156 648.122253418 883.354431152
eeg 870.194580078 748.466064453 700.76159668 751.75604248
eeg 870.194580078 748.466064453 700.76159668 786.300598145
eeg 817.555236816 853.744812012 858.679748535 955.733581543
eeg 817.555236816 643.187316895 648.122253418 848.809875488
eeg 870.194580078 643.187316895 648.122253418 942.573730469
eeg 870.194580078 748.466064453 806.040344238 927.768920898
eeg 922.833984375 695.826660156 753.401000977 929.413879395
eeg 817.555236816 695.826660156 648.122253418 771.495788574
a nan nan nan nan
b nan nan nan nan
d nan nan nan nan
g nan nan nan nan
t nan nan nan nan
h 4.0 4.0 4.0 4.0
c 0.0
Aa 0.0 0.0 0.0 0.0
Ab 0.0 0.0 0.0 0.0
Ad 0.0 0.0 0.0 0.0
Ag 0.0 0.0 0.0 0.0
At 0.0 0.0 0.0 0.0
as 0.0 0.0 0.0 0.0
bs 0.0 0.0 0.0 0.0
ds 0.0 0.0 0.0 0.0
gs 0.0 0.0 0.0 0.0
ts 0.0 0.0 0.0 0.0
eeg 817.555236816 801.105407715 753.401000977 876.774536133
eeg 922.833984375 695.826660156 648.122253418 876.774536133
eeg 922.833984375 906.384155273 858.679748535 876.774536133
eeg 817.555236816 906.384155273 858.679748535 876.774536133
eeg 922.833984375 590.547912598 542.843505859 771.495788574
eeg 712.276489258 801.105407715 753.401000977 876.774536133
eeg 712.276489258 801.105407715 753.401000977 876.774536133
eeg 712.276489258 801.105407715 753.401000977 982.053283691
eeg 817.555236816 590.547912598 437.564758301 929.413879395
eeg 817.555236816 906.384155273 753.401000977 824.135131836
eeg 712.276489258 801.105407715 753.401000977 824.135131836
eeg 712.276489258 801.105407715 753.401000977 876.774536133
eeg 606.997741699 801.105407715 753.401000977 876.774536133
eeg 817.555236816 695.826660156 648.122253418 876.774536133
eeg 712.276489258 801.105407715 753.401000977 824.135131836
eeg 922.833984375 801.105407715 753.401000977 718.856384277
eeg 817.555236816 801.105407715 753.401000977 876.774536133
eeg 817.555236816 801.105407715 753.401000977 824.135131836
eeg 922.833984375 695.826660156 648.122253418 824.135131836
eeg 922.833984375 695.826660156 753.401000977 824.135131836
eeg 922.833984375 695.826660156 753.401000977 771.495788574
eeg 764.91583252 695.826660156 753.401000977 771.495788574
a nan nan nan nan
b nan nan nan nan
d nan nan nan nan
g nan nan nan nan
t nan nan nan nan
h 4.0 4.0 4.0 4.0
c 0.0
Aa 0.0 0.0 0.0 0.0
Ab 0.0 0.0 0.0 0.0
Ad 0.0 0.0 0.0 0.0
Ag 0.0 0.0 0.0 0.0
At 0.0 0.0 0.0 0.0
as 0.0 0.0 0.0 0.0
bs 0.0 0.0 0.0 0.0
ds 0.0 0.0 0.0 0.0
gs 0.0 0.0 0.0 0.0
ts 0.0 0.0 0.0 0.0
eeg 764.91583252 695.826660156 753.401000977 824.135131836
eeg 870.194580078 590.547912598 648.122253418 771.495788574
eeg 870.194580078 801.105407715 858.679748535 771.495788574
eeg 922.833984375 695.826660156 858.679748535 718.856384277
eeg 870.194580078 801.105407715 1069.23718262 718.856384277
eeg 712.276489258 695.826660156 858.679748535 982.053283691
eeg 817.555236816 590.547912598 648.122253418 876.774536133
eeg 870.194580078 695.826660156 753.401000977 929.413879395
eeg 817.555236816 801.105407715 858.679748535 876.774536133
eeg 896.514282227 723.791320801 802.750427246 834.005004883
eeg 922.833984375 513.233886719 802.750427246 834.005004883
eeg 791.235534668 618.512634277 802.750427246 939.283752441
eeg 843.874938965 618.512634277 802.750427246 939.283752441
eeg 896.514282227 618.512634277 908.029174805 886.64440918
eeg 659.637145996 723.791320801 1013.30786133 886.64440918
eeg 922.833984375 302.676391602 486.91418457 781.365661621
eeg 817.555236816 618.512634277 697.471679688 886.64440918
eeg 817.555236816 618.512634277 697.471679688 886.64440918
eeg 949.153686523 618.512634277 697.471679688 834.005004883
eeg 922.833984375 723.791320801 802.750427246 886.64440918
eeg 922.833984375 618.512634277 697.471679688 834.005004883
eeg 791.235534668 934.348815918 1013.30786133 834.005004883
a nan nan nan nan
b nan nan nan nan
d nan nan nan nan
g nan nan nan nan
t nan nan nan nan
h 4.0 4.0 4.0 4.0
c 0.0
Aa 0.0 0.0 0.0 0.0
Ab 0.0 0.0 0.0 0.0
Ad 0.0 0.0 0.0 0.0
Ag 0.0 0.0 0.0 0.0
At 0.0 0.0 0.0 0.0
as 0.0 0.0 0.0 0.0
bs 0.0 0.0 0.0 0.0
ds 0.0 0.0 0.0 0.0
gs 0.0 0.0 0.0 0.0
ts 0.0 0.0 0.0 0.0
eeg 791.235534668 618.512634277 697.471679688 939.283752441
eeg 791.235534668 723.791320801 802.750427246 991.923156738
eeg 896.514282227 618.512634277 592.192932129 991.923156738
eeg 949.153686523 618.512634277 592.192932129 834.005004883
eeg 843.874938965 881.709472656 855.389770508 781.365661621
eeg 738.596191406 618.512634277 592.192932129 939.283752441
eeg 738.596191406 565.87322998 539.553527832 834.005004883
eeg 843.874938965 618.512634277 697.471679688 886.64440918
eeg 843.874938965 565.87322998 697.471679688 781.365661621
eeg 843.874938965 565.87322998 697.471679688 781.365661621
eeg 738.596191406 671.151977539 855.389770508 781.365661621
eeg 738.596191406 513.233886719 644.832275391 886.64440918
eeg 791.235534668 513.233886719 592.192932129 886.64440918
eeg 843.874938965 618.512634277 644.832275391 886.64440918
eeg 843.874938965 513.233886719 539.553527832 781.365661621
eeg 843.874938965 723.791320801 750.111022949 728.726318359
eeg 791.235534668 671.151977539 750.111022949 939.283752441
eeg 791.235534668 618.512634277 644.832275391 886.64440918
eeg 896.514282227 618.512634277 644.832275391 886.64440918
eeg 949.153686523 618.512634277 592.192932129 834.005004883
eeg 843.874938965 723.791320801 592.192932129 728.726318359
eeg 633.317443848 1039.62756348 908.029174805 781.365661621
a nan nan nan nan
b nan nan nan nan
d nan nan nan nan
g nan nan nan nan
t nan nan nan nan
h 4.0 4.0 4.0 4.0
c 0.0
Aa 0.0 0.0 0.0 0.0
Ab 0.0 0.0 0.0 0.0
Ad 0.0 0.0 0.0 0.0
Ag 0.0 0.0 0.0 0.0
At 0.0 0.0 0.0 0.0
as 0.0 0.0 0.0 0.0
bs 0.0 0.0 0.0 0.0
ds 0.0 0.0 0.0 0.0
gs 0.0 0.0 0.0 0.0
ts 0.0 0.0 0.0 0.0
eeg 685.956787109 829.070068359 697.471679688 886.64440918
eeg 633.317443848 829.070068359 697.471679688 781.365661621
eeg 843.874938965 723.791320801 486.91418457 781.365661621
eeg 633.317443848 934.348815918 802.750427246 834.005004883
eeg 791.235534668 618.512634277 486.91418457 676.086914062
eeg 791.235534668 829.070068359 802.750427246 939.283752441
eeg 738.596191406 829.070068359 802.750427246 781.365661621
eeg 738.596191406 723.791320801 697.471679688 781.365661621
eeg 843.874938965 723.791320801 697.471679688 781.365661621
eeg 843.874938965 723.791320801 697.471679688 781.365661621
eeg 843.874938965 723.791320801 697.471679688 781.365661621
eeg 791.235534668 723.791320801 697.471679688 886.64440918
eeg 791.235534668 829.070068359 802.750427246 991.923156738
eeg 896.514282227 618.512634277 592.192932129 991.923156738
eeg 949.153686523 513.233886719 486.91418457 781.365661621
eeg 949.153686523 618.512634277 486.91418457 728.726318359
eeg 949.153686523 513.233886719 276.356689453 728.726318359
eeg 791.235534668 723.791320801 486.91418457 781.365661621
eeg 791.235534668 618.512634277 486.91418457 834.005004883
eeg 949.153686523 407.95513916 276.356689453 728.726318359
eeg 843.874938965 723.791320801 592.192932129 834.005004883
eeg 738.596191406 618.512634277 592.192932129 728.726318359
a nan nan nan nan
b nan nan nan nan
d nan nan nan nan
g nan nan nan nan
t nan nan nan nan
h 4.0 4.0 4.0 4.0
c 0.0
Aa 0.0 0.0 0.0 0.0
Ab 0.0 0.0 0.0 0.0
Ad 0.0 0.0 0.0 0.0
Ag 0.0 0.0 0.0 0.0
At 0.0 0.0 0.0 0.0
as 0.0 0.0 0.0 0.0
bs 0.0 0.0 0.0 0.0
ds 0.0 0.0 0.0 0.0
gs 0.0 0.0 0.0 0.0
ts 0.0 0.0 0.0 0.0
eeg 791.235534668 618.512634277 592.192932129 886.64440918
eeg 896.514282227 618.512634277 592.192932129 886.64440918
eeg 949.153686523 723.791320801 697.471679688 886.64440918
eeg 949.153686523 513.233886719 486.91418457 781.365661621
eeg 843.874938965 829.070068359 802.750427246 781.365661621
eeg 791.235534668 723.791320801 697.471679688 991.923156738
eeg 791.235534668 618.512634277 592.192932129 939.283752441
eeg 896.514282227 723.791320801 697.471679688 939.283752441
eeg 896.514282227 723.791320801 802.750427246 834.005004883
eeg 896.514282227 671.151977539 750.111022949 939.283752441
eeg 896.514282227 671.151977539 697.471679688 834.005004883
eeg 896.514282227 723.791320801 802.750427246 939.283752441
eeg 949.153686523 671.151977539 802.750427246 939.283752441
eeg 1001.79302979 723.791320801 908.029174805 939.283752441
eeg 791.235534668 776.430725098 960.668518066 1044.5625
eeg 896.514282227 460.594482422 539.553527832 939.283752441
eeg 1001.79302979 513.233886719 539.553527832 939.283752441
eeg 843.874938965 829.070068359 908.029174805 939.283752441
eeg 949.153686523 618.512634277 750.111022949 939.283752441
eeg 896.514282227 723.791320801 855.389770508 939.283752441
eeg 843.874938965 723.791320801 855.389770508 1044.5625
eeg 843.874938965 565.87322998 644.832275391 939.283752441
a nan nan nan nan
b nan nan nan nan
d nan nan nan nan
g nan nan nan nan
t nan nan nan nan
h 4.0 4.0 4.0 4.0
c 0.0
Aa 0.0 0.0 0.0 0.0
Ab 0.0 0.0 0.0 0.0
Ad 0.0 0.0 0.0 0.0
Ag 0.0 0.0 0.0 0.0
At 0.0 0.0 0.0 0.0
as 0.0 0.0 0.0 0.0
bs 0.0 0.0 0.0 0.0
ds 0.0 0.0 0.0 0.0
gs 0.0 0.0 0.0 0.0
ts 0.0 0.0 0.0 0.0
eeg 843.874938965 671.151977539 697.471679688 1044.5625
eeg 843.874938965 723.791320801 750.111022949 1044.5625
eeg 949.153686523 618.512634277 539.553527832 1044.5625
eeg 843.874938965 671.151977539 539.553527832 860.324707031
eeg 843.874938965 723.791320801 644.832275391 860.324707031
eeg 791.235534668 671.151977539 592.192932129 912.964111328
eeg 791.235534668 776.430725098 750.111022949 886.64440918
eeg 685.956787109 723.791320801 697.471679688 912.964111328
eeg 843.874938965 565.87322998 486.91418457 807.68536377
eeg 738.596191406 776.430725098 697.471679688 1044.5625
eeg 738.596191406 618.512634277 539.553527832 834.005004883
eeg 791.235534668 723.791320801 644.832275391 965.60345459
eeg 791.235534668 723.791320801 697.471679688 965.60345459
eeg 896.514282227 723.791320801 697.471679688 965.60345459
eeg 791.235534668 671.151977539 644.832275391 886.64440918
eeg 791.235534668 723.791320801 697.471679688 886.64440918
eeg 791.235534668 618.512634277 592.192932129 860.324707031
eeg 791.235534668 829.070068359 855.389770508 886.64440918
eeg 580.678039551 829.070068359 960.668518066 991.923156738
eeg 843.874938965 513.233886719 644.832275391 886.64440918
eeg 685.956787109 723.791320801 855.389770508 1097.2019043
eeg 685.956787109 618.512634277 750.111022949 886.64440918
a nan nan nan nan
b nan nan nan nan
d nan nan nan nan
g nan nan nan nan
t nan nan nan nan
h 4.0 4.0 4.0 4.0
c 0.0
Aa 0.0 0.0 0.0 0.0
Ab 0.0 0.0 0.0 0.0
Ad 0.0 0.0 0.0 0.0
Ag 0.0 0.0 0.0 0.0
At 0.0 0.0 0.0 0.0
as 0.0 0.0 0.0 0.0
bs 0.0 0.0 0.0 0.0
ds 0.0 0.0 0.0 0.0
gs 0.0 0.0 0.0 0.0
ts 0.0 0.0 0.0 0.0
eeg 738.596191406 723.791320801 960.668518066 991.923156738
eeg 633.317443848 723.791320801 960.668518066 991.923156738
eeg 843.874938965 513.233886719 644.832275391 886.64440918
eeg 738.596191406 723.791320801 855.389770508 886.64440918
eeg 791.235534668 618.512634277 644.832275391 886.64440918
eeg 791.235534668 723.791320801 750.111022949 991.923156738
eeg 791.235534668 723.791320801 750.111022949 991.923156738
eeg 843.874938965 618.512634277 644.832275391 991.923156738
eeg 843.874938965 829.070068359 855.389770508 886.64440918
eeg 685.956787109 723.791320801 750.111022949 991.923156738
eeg 685.956787109 723.791320801 750.111022949 886.64440918
eeg 738.596191406 723.791320801 750.111022949 886.64440918
eeg 843.874938965 618.512634277 539.553527832 939.283752441
eeg 896.514282227 671.151977539 434.274810791 991.923156738
eeg 791.235534668 618.512634277 434.274810791 886.64440918
eeg 791.235534668 723.791320801 539.553527832 939.283752441
eeg 791.235534668 671.151977539 539.553527832 939.283752441
eeg 843.874938965 829.070068359 750.111022949 939.283752441
eeg 580.678039551 776.430725098 750.111022949 1044.5625
eeg 791.235534668 565.87322998 539.553527832 834.005004883
eeg 633.317443848 723.791320801 644.832275391 939.283752441
eeg 633.317443848 723.791320801 750.111022949 886.64440918
a nan nan nan nan
b nan nan nan nan
d nan nan nan nan
g nan nan nan nan
t nan nan nan nan
h 4.0 4.0 4.0 4.0
c 0.0
Aa 0.0 0.0 0.0 0.0
Ab 0.0 0.0 0.0 0.0
Ad 0.0 0.0 0.0 0.0
Ag 0.0 0.0 0.0 0.0
At 0.0 0.0 0.0 0.0
as 0.0 0.0 0.0 0.0
bs 0.0 0.0 0.0 0.0
ds 0.0 0.0 0.0 0.0
gs 0.0 0.0 0.0 0.0
ts 0.0 0.0 0.0 0.0
eeg 633.317443848 671.151977539 644.832275391 939.283752441
eeg 791.235534668 513.233886719 539.553527832 939.283752441
eeg 791.235534668 776.430725098 750.111022949 991.923156738
eeg 791.235534668 460.594482422 328.996063232 834.005004883
eeg 738.596191406 829.070068359 750.111022949 939.283752441
eeg 685.956787109 723.791320801 750.111022949 991.923156738
eeg 830.715087891 574.098144531 528.038696289 889.934387207
eeg 883.354431152 679.37689209 738.596191406 942.573730469
eeg 935.993835449 679.37689209 738.596191406 784.655639648
eeg 778.075683594 679.37689209 791.235534668 889.934387207
eeg 804.395385742 679.37689209 791.235534668 889.934387207
eeg 883.354431152 574.098144531 633.317443848 995.213134766
eeg 909.674133301 574.098144531 580.678039551 942.573730469
eeg 962.313476562 784.655639648 843.874938965 995.213134766
eeg 751.75604248 626.737487793 685.956787109 784.655639648
eeg 804.395385742 626.737487793 633.317443848 942.573730469
eeg 830.715087891 679.37689209 738.596191406 995.213134766
eeg 883.354431152 679.37689209 738.596191406 889.934387207
eeg 883.354431152 626.737487793 685.956787109 837.29498291
eeg 883.354431152 837.29498291 843.874938965 784.655639648
eeg 751.75604248 679.37689209 685.956787109 889.934387207
eeg 751.75604248 679.37689209 633.317443848 889.934387207
a nan nan nan nan
b nan nan nan nan
d nan nan nan nan
g nan nan nan nan
t nan nan nan nan
h 4.0 4.0 4.0 4.0
c 0.0
Aa 0.0 0.0 0.0 0.0
Ab 0.0 0.0 0.0 0.0
Ad 0.0 0.0 0.0 0.0
Ag 0.0 0.0 0.0 0.0
At 0.0 0.0 0.0 0.0
as 0.0 0.0 0.0 0.0
bs 0.0 0.0 0.0 0.0
ds 0.0 0.0 0.0 0.0
gs 0.0 0.0 0.0 0.0
ts 0.0 0.0 0.0 0.0
eeg 804.395385742 837.29498291 843.874938965 889.934387207
eeg 909.674133301 732.016235352 685.956787109 942.573730469
eeg 962.313476562 732.016235352 685.956787109 942.573730469
eeg 857.034729004 732.016235352 685.956787109 837.29498291
eeg 857.034729004 732.016235352 738.596191406 995.213134766
eeg 857.034729004 679.37689209 685.956787109 942.573730469
eeg 909.674133301 837.29498291 896.514282227 942.573730469
eeg 857.034729004 784.655639648 843.874938965 995.213134766
eeg 962.313476562 574.098144531 528.038696289 837.29498291
eeg 804.395385742 837.29498291 791.235534668 942.573730469
eeg 804.395385742 732.016235352 685.956787109 942.573730469
eeg 857.034729004 732.016235352 685.956787109 889.934387207
eeg 962.313476562 732.016235352 685.956787109 889.934387207
eeg 962.313476562 732.016235352 685.956787109 732.016235352
eeg 751.75604248 942.573730469 1001.79302979 942.573730469
eeg 804.395385742 626.737487793 685.956787109 942.573730469
eeg 804.395385742 679.37689209 685.956787109 942.573730469
eeg 883.354431152 784.655639648 738.596191406 942.573730469
eeg 593.837890625 837.29498291 843.874938965 837.29498291
eeg 778.075683594 679.37689209 738.596191406 784.655639648
eeg 646.477294922 679.37689209 791.235534668 837.29498291
eeg 672.796936035 784.655639648 896.514282227 837.29498291
a nan nan nan nan
b nan nan nan nan
d nan nan nan nan
g nan nan nan nan
t nan nan nan nan
h 4.0 4.0 4.0 4.0
c 0.0
Aa 0.0 0.0 0.0 0.0
Ab 0.0 0.0 0.0 0.0
Ad 0.0 0.0 0.0 0.0
Ag 0.0 0.0 0.0 0.0
At 0.0 0.0 0.0 0.0
as 0.0 0.0 0.0 0.0
bs 0.0 0.0 0.0 0.0
ds 0.0 0.0 0.0 0.0
gs 0.0 0.0 0.0 0.0
ts 0.0 0.0 0.0 0.0
eeg 778.075683594 679.37689209 791.235534668 889.934387207
eeg 778.075683594 732.016235352 843.874938965 889.934387207
eeg 804.395385742 679.37689209 791.235534668 995.213134766
eeg 804.395385742 574.098144531 580.678039551 784.655639648
eeg 751.75604248 837.29498291 896.514282227 942.573730469
eeg 751.75604248 784.655639648 843.874938965 995.213134766
eeg 883.354431152 679.37689209 685.956787109 942.573730469
eeg 857.034729004 732.016235352 738.596191406 889.934387207
eeg 883.354431152 732.016235352 738.596191406 837.29498291
eeg 857.034729004 732.016235352 791.235534668 889.934387207
eeg 699.116638184 942.573730469 1107.07177734 889.934387207
eeg 593.837890625 626.737487793 685.956787109 889.934387207
eeg 804.395385742 626.737487793 580.678039551 837.29498291
eeg 751.75604248 837.29498291 791.235534668 942.573730469
eeg 857.034729004 626.737487793 580.678039551 784.655639648
eeg 751.75604248 837.29498291 791.235534668 942.573730469
eeg 699.116638184 837.29498291 896.514282227 889.934387207
eeg 857.034729004 732.016235352 791.235534668 837.29498291
eeg 699.116638184 837.29498291 896.514282227 837.29498291
eeg 857.034729004 626.737487793 685.956787109 784.655639648
eeg 699.116638184 732.016235352 791.235534668 995.213134766
eeg 699.116638184 626.737487793 580.678039551 942.573730469
a nan nan nan nan
b nan nan nan nan
d nan nan nan nan
g nan nan nan nan
t nan nan nan nan
h 4.0 4.0 4.0 4.0
c 0.0
Aa 0.0 0.0 0.0 0.0
Ab 0.0 0.0 0.0 0.0
Ad 0.0 0.0 0.0 0.0
Ag 0.0 0.0 0.0 0.0
At 0.0 0.0 0.0 0.0
as 0.0 0.0 0.0 0.0
bs 0.0 0.0 0.0 0.0
ds 0.0 0.0 0.0 0.0
gs 0.0 0.0 0.0 0.0
ts 0.0 0.0 0.0 0.0
eeg 857.034729004 732.016235352 791.235534668 942.573730469
eeg 804.395385742 732.016235352 896.514282227 889.934387207
eeg 804.395385742 626.737487793 685.956787109 995.213134766
eeg 751.75604248 626.737487793 685.956787109 837.29498291
eeg 751.75604248 732.016235352 791.235534668 995.213134766
eeg 699.116638184 626.737487793 685.956787109 995.213134766
eeg 804.395385742 626.737487793 633.317443848 942.573730469
eeg 699.116638184 679.37689209 738.596191406 889.934387207
eeg 751.75604248 626.737487793 685.956787109 837.29498291
eeg 646.477294922 626.737487793 738.596191406 889.934387207
eeg 646.477294922 679.37689209 791.235534668 889.934387207
eeg 751.75604248 468.819396973 528.038696289 889.934387207
eeg 751.75604248 626.737487793 685.956787109 837.29498291
eeg 751.75604248 626.737487793 685.956787109 889.934387207
eeg 751.75604248 574.098144531 580.678039551 784.655639648
eeg 751.75604248 679.37689209 685.956787109 995.213134766
eeg 751.75604248 679.37689209 685.956787109 942.573730469
eeg 857.034729004 626.737487793 580.678039551 942.573730469
eeg 751.75604248 784.655639648 738.596191406 837.29498291
eeg 804.395385742 679.37689209 685.956787109 837.29498291
eeg 751.75604248 679.37689209 685.956787109 995.213134766
eeg 751.75604248 679.37689209 685.956787109 889.934387207
a nan nan nan nan
b nan nan nan nan
d nan nan nan nan
g nan nan nan nan
t nan nan nan nan
h 4.0 4.0 4.0 4.0
c 0.0
Aa 0.0 0.0 0.0 0.0
Ab 0.0 0.0 0.0 0.0
Ad 0.0 0.0 0.0 0.0
Ag 0.0 0.0 0.0 0.0
At 0.0 0.0 0.0 0.0
as 0.0 0.0 0.0 0.0
bs 0.0 0.0 0.0 0.0
ds 0.0 0.0 0.0 0.0
gs 0.0 0.0 0.0 0.0
ts 0.0 0.0 0.0 0.0
eeg 804.395385742 679.37689209 685.956787109 889.934387207
eeg 857.034729004 626.737487793 633.317443848 837.29498291
eeg 857.034729004 732.016235352 738.596191406 837.29498291
eeg 804.395385742 837.29498291 896.514282227 837.29498291
eeg 804.395385742 626.737487793 633.317443848 942.573730469
eeg 804.395385742 679.37689209 685.956787109 942.573730469
eeg 909.674133301 732.016235352 738.596191406 889.934387207
eeg 699.116638184 732.016235352 738.596191406 889.934387207
eeg 804.395385742 574.098144531 475.39932251 837.29498291
eeg 804.395385742 626.737487793 528.038696289 837.29498291
eeg 751.75604248 784.655639648 685.956787109 889.934387207
eeg 857.034729004 732.016235352 685.956787109 837.29498291
eeg 804.395385742 784.655639648 738.596191406 837.29498291
eeg 804.395385742 626.737487793 528.038696289 995.213134766
eeg 804.395385742 626.737487793 528.038696289 784.655639648
eeg 751.75604248 732.016235352 633.317443848 837.29498291
eeg 699.116638184 732.016235352 633.317443848 889.934387207
eeg 804.395385742 732.016235352 528.038696289 837.29498291
eeg 804.395385742 732.016235352 528.038696289 837.29498291
eeg 804.395385742 732.016235352 633.317443848 837.29498291
eeg 804.395385742 732.016235352 633.317443848 837.29498291
eeg 804.395385742 837.29498291 738.596191406 889.934387207
a nan nan nan nan
b nan nan nan nan
d nan nan nan nan
g nan nan nan nan
t nan nan nan nan
h 4.0 4.0 4.0 4.0
c 0.0
Aa 0.0 0.0 0.0 0.0
Ab 0.0 0.0 0.0 0.0
Ad 0.0 0.0 0.0 0.0
Ag 0.0 0.0 0.0 0.0
At 0.0 0.0 0.0 0.0
as 0.0 0.0 0.0 0.0
bs 0.0 0.0 0.0 0.0
ds 0.0 0.0 0.0 0.0
gs 0.0 0.0 0.0 0.0
ts 0.0 0.0 0.0 0.0
eeg 751.75604248 732.016235352 633.317443848 942.573730469
eeg 962.313476562 626.737487793 422.75994873 784.655639648
eeg 804.395385742 837.29498291 633.317443848 942.573730469
eeg 909.674133301 626.737487793 422.75994873 784.655639648
eeg 857.034729004 837.29498291 633.317443848 889.934387207
eeg 909.674133301 732.016235352 528.038696289 889.934387207
eeg 909.674133301 837.29498291 738.596191406 732.016235352
eeg 751.75604248 837.29498291 843.874938965 837.29498291
eeg 804.395385742 521.458740234 528.038696289 784.655639648
eeg 751.75604248 732.016235352 738.596191406 942.573730469
eeg 857.034729004 574.098144531 528.038696289 942.573730469
eeg 909.674133301 626.737487793 528.038696289 942.573730469
eeg 962.313476562 574.098144531 528.038696289 837.29498291
eeg 857.034729004 679.37689209 633.317443848 837.29498291
eeg 804.395385742 679.37689209 633.317443848 837.29498291
eeg 857.034729004 626.737487793 528.038696289 942.573730469
eeg 909.674133301 626.737487793 528.038696289 942.573730469
eeg 962.313476562 679.37689209 528.038696289 942.573730469
eeg 962.313476562 468.819396973 317.481201172 574.098144531
eeg 804.395385742 837.29498291 738.596191406 732.016235352
eeg 804.395385742 626.737487793 633.317443848 942.573730469
eeg 804.395385742 521.458740234 422.75994873 889.934387207
a nan nan nan nan
b nan nan nan nan
d nan nan nan nan
g nan nan nan nan
t nan nan nan nan
h 4.0 4.0 4.0 4.0
c 0.0
Aa 0.0 0.0 0.0 0.0
Ab 0.0 0.0 0.0 0.0
Ad 0.0 0.0 0.0 0.0
Ag 0.0 0.0 0.0 0.0
At 0.0 0.0 0.0 0.0
as 0.0 0.0 0.0 0.0
bs 0.0 0.0 0.0 0.0
ds 0.0 0.0 0.0 0.0
gs 0.0 0.0 0.0 0.0
ts 0.0 0.0 0.0 0.0
eeg 857.034729004 784.655639648 738.596191406 889.934387207
eeg 857.034729004 679.37689209 738.596191406 784.655639648
eeg 804.395385742 679.37689209 738.596191406 889.934387207
eeg 792.880554199 615.22265625 597.127868652 842.229919434
eeg 792.880554199 720.501403809 702.406616211 947.508666992
eeg 871.839599609 615.22265625 597.127868652 947.508666992
eeg 924.478942871 720.501403809 597.127868652 947.508666992
eeg 819.200195312 720.501403809 597.127868652 842.229919434
eeg 819.200195312 720.501403809 597.127868652 894.86932373
eeg 819.200195312 720.501403809 597.127868652 868.549621582
eeg 819.200195312 825.780151367 807.68536377 921.188964844
eeg 766.560852051 720.501403809 702.406616211 1000.14807129
eeg 898.159240723 615.22265625 491.849121094 789.590576172
eeg 766.560852051 720.501403809 597.127868652 868.549621582
eeg 766.560852051 615.22265625 491.849121094 842.229919434
eeg 792.880554199 720.501403809 702.406616211 973.828369141
eeg 845.519897461 615.22265625 597.127868652 973.828369141
eeg 898.159240723 615.22265625 597.127868652 973.828369141
eeg 792.880554199 615.22265625 597.127868652 815.91027832
eeg 792.880554199 720.501403809 702.406616211 868.549621582
eeg 845.519897461 720.501403809 755.045959473 921.188964844
eeg 898.159240723 720.501403809 702.406616211 921.188964844
a nan nan nan nan
b nan nan nan nan
d nan nan nan nan
g nan nan nan nan
t nan nan nan nan
h 4.0 4.0 4.0 4.0
c 0.0
Aa 0.0 0.0 0.0 0.0
Ab 0.0 0.0 0.0 0.0
Ad 0.0 0.0 0.0 0.0
Ag 0.0 0.0 0.0 0.0
At 0.0 0.0 0.0 0.0
as 0.0 0.0 0.0 0.0
bs 0.0 0.0 0.0 0.0
ds 0.0 0.0 0.0 0.0
gs 0.0 0.0 0.0 0.0
ts 0.0 0.0 0.0 0.0
eeg 950.79864502 773.14074707 755.045959473 921.188964844
eeg 950.79864502 773.14074707 755.045959473 815.91027832
eeg 845.519897461 825.780151367 912.964111328 921.188964844
eeg 792.880554199 825.780151367 912.964111328 921.188964844
eeg 845.519897461 615.22265625 649.767211914 1026.46777344
eeg 845.519897461 773.14074707 807.68536377 1026.46777344
eeg 898.159240723 773.14074707 807.68536377 1131.74645996
eeg 634.962402344 773.14074707 807.68536377 921.188964844
eeg 740.241149902 667.861999512 702.406616211 973.828369141
eeg 740.241149902 562.583251953 544.488464355 973.828369141
eeg 792.880554199 720.501403809 649.767211914 921.188964844
eeg 845.519897461 720.501403809 649.767211914 921.188964844
eeg 792.880554199 773.14074707 755.045959473 815.91027832
eeg 687.601806641 667.861999512 649.767211914 868.549621582
eeg 687.601806641 562.583251953 544.488464355 921.188964844
eeg 687.601806641 667.861999512 544.488464355 1026.46777344
eeg 740.241149902 457.304534912 333.930999756 1026.46777344
eeg 845.519897461 562.583251953 228.652267456 1026.46777344
eeg 792.880554199 457.304534912 123.373527527 921.188964844
eeg 792.880554199 562.583251953 333.930999756 973.828369141
eeg 792.880554199 562.583251953 333.930999756 973.828369141
eeg 792.880554199 667.861999512 544.488464355 973.828369141
a nan nan nan nan
b nan nan nan nan
d nan nan nan nan
g nan nan nan nan
t nan nan nan nan
h 4.0 4.0 4.0 4.0
c 0.0
Aa 0.0 0.0 0.0 0.0
Ab 0.0 0.0 0.0 0.0
Ad 0.0 0.0 0.0 0.0
Ag 0.0 0.0 0.0 0.0
At 0.0 0.0 0.0 0.0
as 0.0 0.0 0.0 0.0
bs 0.0 0.0 0.0 0.0
ds 0.0 0.0 0.0 0.0
gs 0.0 0.0 0.0 0.0
ts 0.0 0.0 0.0 0.0
eeg 582.323059082 562.583251953 439.209747314 1026.46777344
eeg 898.159240723 352.025787354 123.373527527 868.549621582
eeg 740.241149902 667.861999512 439.209747314 921.188964844
eeg 634.962402344 667.861999512 544.488464355 921.188964844
eeg 740.241149902 562.583251953 544.488464355 1079.10705566
eeg 740.241149902 562.583251953 544.488464355 973.828369141
eeg 845.519897461 562.583251953 544.488464355 1184.38586426
eeg 740.241149902 562.583251953 544.488464355 868.549621582
eeg 792.880554199 720.501403809 649.767211914 868.549621582
eeg 740.241149902 615.22265625 649.767211914 868.549621582
eeg 898.159240723 509.943908691 544.488464355 868.549621582
eeg 845.519897461 667.861999512 649.767211914 868.549621582
eeg 898.159240723 615.22265625 649.767211914 763.270874023
eeg 740.241149902 667.861999512 755.045959473 1079.10705566
eeg 740.241149902 667.861999512 755.045959473 1289.66455078
eeg 740.241149902 615.22265625 649.767211914 973.828369141
eeg 845.519897461 615.22265625 649.767211914 973.828369141
eeg 898.159240723 615.22265625 649.767211914 973.828369141
eeg 845.519897461 562.583251953 544.488464355 657.992126465
eeg 845.519897461 720.501403809 649.767211914 973.828369141
eeg 845.519897461 562.583251953 544.488464355 868.549621582
eeg 845.519897461 878.419494629 860.324707031 763.270874023
a nan nan nan nan
b nan nan nan nan
d nan nan nan nan
g nan nan nan nan
t nan nan nan nan
h 4.0 4.0 4.0 4.0
c 0.0
Aa 0.0 0.0 0.0 0.0
Ab 0.0 0.0 0.0 0.0
Ad 0.0 0.0 0.0 0.0
Ag 0.0 0.0 0.0 0.0
At 0.0 0.0 0.0 0.0
as 0.0 0.0 0.0 0.0
bs 0.0 0.0 0.0 0.0
ds 0.0 0.0 0.0 0.0
gs 0.0 0.0 0.0 0.0
ts 0.0 0.0 0.0 0.0
eeg 792.880554199 615.22265625 649.767211914 868.549621582
eeg 845.519897461 667.861999512 649.767211914 868.549621582
eeg 687.601806641 773.14074707 755.045959473 868.549621582
eeg 740.241149902 667.861999512 544.488464355 868.549621582
eeg 740.241149902 983.698242188 860.324707031 1079.10705566
eeg 845.519897461 667.861999512 649.767211914 973.828369141
eeg 845.519897461 878.419494629 965.60345459 1289.66455078
eeg 740.241149902 667.861999512 755.045959473 1289.66455078
eeg 740.241149902 667.861999512 755.045959473 1079.10705566
eeg 687.601806641 773.14074707 860.324707031 1184.38586426
eeg 792.880554199 667.861999512 649.767211914 1079.10705566
eeg 687.601806641 773.14074707 755.045959473 868.549621582
eeg 792.880554199 773.14074707 755.045959473 973.828369141
eeg 634.962402344 773.14074707 755.045959473 973.828369141
eeg 634.962402344 773.14074707 755.045959473 973.828369141
eeg 582.323059082 878.419494629 965.60345459 1184.38586426
eeg 845.519897461 352.025787354 333.930999756 973.828369141
eeg 845.519897461 773.14074707 755.045959473 973.828369141
eeg 871.839599609 562.583251953 439.209747314 769.850830078
eeg 845.519897461 667.861999512 439.209747314 1019.88781738
eeg 898.159240723 667.861999512 439.209747314 1000.14807129
eeg 898.159240723 773.14074707 649.767211914 802.750427246
a nan nan nan nan
b nan nan nan nan
d nan nan nan nan
g nan nan nan nan
t nan nan nan nan
h 4.0 4.0 4.0 4.0
c 0.0
Aa 0.0 0.0 0.0 0.0
Ab 0.0 0.0 0.0 0.0
Ad 0.0 0.0 0.0 0.0
Ag 0.0 0.0 0.0 0.0
At 0.0 0.0 0.0 0.0
as 0.0 0.0 0.0 0.0
bs 0.0 0.0 0.0 0.0
ds 0.0 0.0 0.0 0.0
gs 0.0 0.0 0.0 0.0
ts 0.0 0.0 0.0 0.0
eeg 898.159240723 667.861999512 544.488464355 829.070068359
eeg 898.159240723 667.861999512 544.488464355 789.590576172
eeg 687.601806641 773.14074707 755.045959473 868.549621582
eeg 740.241149902 667.861999512 649.767211914 868.549621582
eeg 792.880554199 667.861999512 649.767211914 868.549621582
eeg 845.519897461 667.861999512 649.767211914 855.389770508
eeg 845.519897461 667.861999512 649.767211914 967.248413086
eeg 845.519897461 562.583251953 439.209747314 730.371276855
eeg 766.560852051 878.419494629 755.045959473 914.609069824
eeg 608.642700195 773.14074707 755.045959473 888.289367676
eeg 871.839599609 562.583251953 544.488464355 802.750427246
eeg 845.519897461 878.419494629 860.324707031 829.070068359
eeg 898.159240723 694.18170166 702.406616211 776.430725098
eeg 819.200195312 694.18170166 649.767211914 855.389770508
eeg 766.560852051 667.861999512 597.127868652 829.070068359
eeg 845.519897461 720.501403809 649.767211914 776.430725098
eeg 950.79864502 615.22265625 544.488464355 776.430725098
eeg 950.79864502 799.460449219 755.045959473 776.430725098
eeg 792.880554199 773.14074707 755.045959473 750.111022949
eeg 792.880554199 536.26361084 386.570373535 908.029174805
eeg 924.478942871 641.542358398 439.209747314 802.750427246
eeg 924.478942871 799.460449219 649.767211914 802.750427246
a nan nan nan nan
b nan nan nan nan
d nan nan nan nan
g nan nan nan nan
t nan nan nan nan
h 4.0 4.0 4.0 4.0
c 0.0
Aa 0.0 0.0 0.0 0.0
Ab 0.0 0.0 0.0 0.0
Ad 0.0 0.0 0.0 0.0
Ag 0.0 0.0 0.0 0.0
At 0.0 0.0 0.0 0.0
as 0.0 0.0 0.0 0.0
bs 0.0 0.0 0.0 0.0
ds 0.0 0.0 0.0 0.0
gs 0.0 0.0 0.0 0.0
ts 0.0 0.0 0.0 0.0
eeg 898.159240723 694.18170166 649.767211914 881.709472656
eeg 898.159240723 694.18170166 649.767211914 750.111022949
eeg 766.560852051 694.18170166 649.767211914 908.029174805
eeg 766.560852051 694.18170166 649.767211914 881.709472656
eeg 766.560852051 694.18170166 649.767211914 908.029174805
eeg 924.478942871 641.542358398 597.127868652 829.070068359
eeg 819.200195312 641.542358398 597.127868652 829.070068359
eeg 819.200195312 430.984863281 386.570373535 723.791320801
eeg 766.560852051 641.542358398 597.127868652 829.070068359
eeg 819.200195312 641.542358398 597.127868652 881.709472656
eeg 871.839599609 641.542358398 597.127868652 776.430725098
eeg 871.839599609 641.542358398 597.127868652 618.512634277
eeg 871.839599609 641.542358398 597.127868652 671.151977539
eeg 819.200195312 746.821105957 702.406616211 934.348815918
eeg 766.560852051 641.542358398 597.127868652 881.709472656
eeg 871.839599609 746.821105957 702.406616211 618.512634277
eeg 977.118347168 641.542358398 597.127868652 723.791320801
eeg 871.839599609 746.821105957 702.406616211 671.151977539
eeg 713.921447754 852.09979248 912.964111328 776.430725098
eeg 766.560852051 536.26361084 597.127868652 776.430725098
eeg 661.282104492 641.542358398 702.406616211 776.430725098
eeg 924.478942871 536.26361084 491.849121094 723.791320801
a nan nan nan nan
b nan nan nan nan
d nan nan nan nan
g nan nan nan nan
t nan nan nan nan
h 4.0 4.0 4.0 4.0
c 0.0
Aa 0.0 0.0 0.0 0.0
Ab 0.0 0.0 0.0 0.0
Ad 0.0 0.0 0.0 0.0
Ag 0.0 0.0 0.0 0.0
At 0.0 0.0 0.0 0.0
as 0.0 0.0 0.0 0.0
bs 0.0 0.0 0.0 0.0
ds 0.0 0.0 0.0 0.0
gs 0.0 0.0 0.0 0.0
ts 0.0 0.0 0.0 0.0
eeg 919.544006348 728.726318359 705.696594238 547.778442383
eeg 814.265258789 728.726318359 705.696594238 337.220977783
eeg 761.625915527 623.447570801 705.696594238 968.893432617
eeg 761.625915527 518.168823242 600.41784668 863.614685059
eeg 866.904663086 570.808166504 600.41784668 653.057189941
eeg 866.904663086 623.447570801 600.41784668 758.3359375
eeg 866.904663086 623.447570801 600.41784668 758.3359375
eeg 761.625915527 728.726318359 705.696594238 863.614685059
eeg 761.625915527 465.529449463 389.860351562 863.614685059
eeg 866.904663086 623.447570801 495.139068604 863.614685059
eeg 919.544006348 623.447570801 495.139068604 758.3359375
eeg 866.904663086 570.808166504 495.139068604 758.3359375
eeg 866.904663086 676.086914062 600.41784668 547.778442383
eeg 972.183410645 570.808166504 495.139068604 758.3359375
eeg 761.625915527 886.64440918 916.25402832 758.3359375
eeg 761.625915527 728.726318359 810.975280762 1074.17211914
eeg 866.904663086 570.808166504 600.41784668 863.614685059
eeg 761.625915527 623.447570801 600.41784668 653.057189941
eeg 866.904663086 465.529449463 442.499725342 758.3359375
eeg 761.625915527 728.726318359 705.696594238 337.220977783
eeg 814.265258789 623.447570801 653.057189941 758.3359375
eeg 814.265258789 676.086914062 758.3359375 547.778442383
a nan nan nan nan
b nan nan nan nan
d nan nan nan nan
g nan nan nan nan
t nan nan nan nan
h 4.0 4.0 4.0 4.0
c 0.0
Aa 0.0 0.0 0.0 0.0
Ab 0.0 0.0 0.0 0.0
Ad 0.0 0.0 0.0 0.0
Ag 0.0 0.0 0.0 0.0
At 0.0 0.0 0.0 0.0
as 0.0 0.0 0.0 0.0
bs 0.0 0.0 0.0 0.0
ds 0.0 0.0 0.0 0.0
gs 0.0 0.0 0.0 0.0
ts 0.0 0.0 0.0 0.0
eeg 814.265258789 570.808166504 600.41784668 547.778442383
eeg 814.265258789 623.447570801 600.41784668 758.3359375
eeg 761.625915527 676.086914062 653.057189941 758.3359375
eeg 761.625915527 518.168823242 442.499725342 758.3359375
eeg 919.544006348 728.726318359 705.696594238 653.057189941
eeg 814.265258789 676.086914062 705.696594238 758.3359375
eeg 814.265258789 623.447570801 600.41784668 758.3359375
eeg 814.265258789 623.447570801 600.41784668 758.3359375
eeg 761.625915527 676.086914062 705.696594238 968.893432617
eeg 761.625915527 676.086914062 705.696594238 758.3359375
eeg 919.544006348 623.447570801 600.41784668 653.057189941
eeg 866.904663086 728.726318359 810.975280762 705.696594238
eeg 814.265258789 728.726318359 916.25402832 653.057189941
eeg 866.904663086 728.726318359 916.25402832 810.975280762
eeg 603.707763672 939.283752441 1126.81152344 758.3359375
eeg 761.625915527 623.447570801 810.975280762 758.3359375
eeg 814.265258789 728.726318359 916.25402832 705.696594238
eeg 708.98651123 728.726318359 916.25402832 705.696594238
eeg 603.707763672 728.726318359 916.25402832 810.975280762
eeg 656.347167969 623.447570801 705.696594238 916.25402832
eeg 656.347167969 728.726318359 810.975280762 863.614685059
eeg 814.265258789 623.447570801 600.41784668 705.696594238
a nan nan nan nan
b nan nan nan nan
d nan nan nan nan
g nan nan nan nan
t nan nan nan nan
h 4.0 4.0 4.0 4.0
c 0.0
Aa 0.0 0.0 0.0 0.0
Ab 0.0 0.0 0.0 0.0
Ad 0.0 0.0 0.0 0.0
Ag 0.0 0.0 0.0 0.0
At 0.0 0.0 0.0 0.0
as 0.0 0.0 0.0 0.0
bs 0.0 0.0 0.0 0.0
ds 0.0 0.0 0.0 0.0
gs 0.0 0.0 0.0 0.0
ts 0.0 0.0 0.0 0.0
eeg 814.265258789 728.726318359 705.696594238 810.975280762
eeg 761.625915527 728.726318359 810.975280762 810.975280762
eeg 761.625915527 623.447570801 705.696594238 810.975280762
eeg 761.625915527 623.447570801 705.696594238 863.614685059
eeg 866.904663086 728.726318359 810.975280762 810.975280762
eeg 814.265258789 676.086914062 705.696594238 810.975280762
eeg 761.625915527 676.086914062 705.696594238 863.614685059
eeg 603.707763672 676.086914062 705.696594238 863.614685059
eeg 656.347167969 676.086914062 705.696594238 916.25402832
eeg 866.904663086 518.168823242 547.778442383 916.25402832
eeg 866.904663086 886.64440918 968.893432617 863.614685059
eeg 761.625915527 623.447570801 758.3359375 916.25402832
eeg 761.625915527 623.447570801 653.057189941 863.614685059
eeg 866.904663086 518.168823242 442.499725342 758.3359375
eeg 761.625915527 939.283752441 968.893432617 916.25402832
eeg 761.625915527 676.086914062 758.3359375 968.893432617
eeg 814.265258789 676.086914062 758.3359375 810.975280762
eeg 708.98651123 728.726318359 810.975280762 916.25402832
eeg 814.265258789 465.529449463 495.139068604 810.975280762
eeg 761.625915527 781.365661621 810.975280762 968.893432617
eeg 708.98651123 728.726318359 810.975280762 968.893432617
eeg 919.544006348 623.447570801 705.696594238 810.975280762
a nan nan nan nan
b nan nan nan nan
d nan nan nan nan
g nan nan nan nan
t nan nan nan nan
h 4.0 4.0 4.0 4.0
c 0.0
Aa 0.0 0.0 0.0 0.0
Ab 0.0 0.0 0.0 0.0
Ad 0.0 0.0 0.0 0.0
Ag 0.0 0.0 0.0 0.0
At 0.0 0.0 0.0 0.0
as 0.0 0.0 0.0 0.0
bs 0.0 0.0 0.0 0.0
ds 0.0 0.0 0.0 0.0
gs 0.0 0.0 0.0 0.0
ts 0.0 0.0 0.0 0.0
eeg 919.544006348 623.447570801 705.696594238 705.696594238
eeg 919.544006348 676.086914062 758.3359375 705.696594238
eeg 972.183410645 676.086914062 758.3359375 810.975280762
eeg 866.904663086 781.365661621 863.614685059 810.975280762
eeg 866.904663086 623.447570801 653.057189941 810.975280762
eeg 972.183410645 623.447570801 600.41784668 705.696594238
eeg 814.265258789 728.726318359 653.057189941 916.25402832
eeg 814.265258789 676.086914062 600.41784668 810.975280762
eeg 814.265258789 676.086914062 600.41784668 916.25402832
eeg 972.183410645 623.447570801 547.778442383 916.25402832
eeg 919.544006348 781.365661621 810.975280762 863.614685059
eeg 656.347167969 781.365661621 916.25402832 863.614685059
eeg 761.625915527 570.808166504 653.057189941 863.614685059
eeg 656.347167969 676.086914062 758.3359375 863.614685059
eeg 814.265258789 518.168823242 495.139068604 916.25402832
eeg 866.904663086 728.726318359 653.057189941 758.3359375
eeg 814.265258789 834.005004883 653.057189941 705.696594238
eeg 761.625915527 834.005004883 495.139068604 810.975280762
eeg 814.265258789 834.005004883 442.499725342 810.975280762
eeg 814.265258789 939.283752441 600.41784668 968.893432617
eeg 919.544006348 834.005004883 495.139068604 916.25402832
eeg 919.544006348 939.283752441 758.3359375 916.25402832
a nan nan nan nan
b nan nan nan nan
d nan nan nan nan
g nan nan nan nan
t nan nan nan nan
h 4.0 4.0 4.0 4.0
c 0.0
Aa 0.0 0.0 0.0 0.0
Ab 0.0 0.0 0.0 0.0
Ad 0.0 0.0 0.0 0.0
Ag 0.0 0.0 0.0 0.0
At 0.0 0.0 0.0 0.0
as 0.0 0.0 0.0 0.0
bs 0.0 0.0 0.0 0.0
ds 0.0 0.0 0.0 0.0
gs 0.0 0.0 0.0 0.0
ts 0.0 0.0 0.0 0.0
eeg 761.625915527 728.726318359 547.778442383 758.3359375
eeg 761.625915527 728.726318359 547.778442383 863.614685059
eeg 708.98651123 834.005004883 705.696594238 916.25402832
eeg 814.265258789 623.447570801 442.499725342 916.25402832
eeg 814.265258789 834.005004883 758.3359375 916.25402832
eeg 866.904663086 728.726318359 653.057189941 810.975280762
eeg 761.625915527 728.726318359 653.057189941 916.25402832
eeg 761.625915527 728.726318359 653.057189941 916.25402832
eeg 814.265258789 728.726318359 705.696594238 1021.53277588
