eeg 1024.82275391 518.168823242 442.499725342 916.25402832
eeg 1077.4621582 886.64440918 916.25402832 916.25402832
eeg 866.904663086 518.168823242 600.41784668 810.975280762
eeg 866.904663086 570.808166504 600.41784668 863.614685059
eeg 866.904663086 623.447570801 705.696594238 968.893432617
eeg 919.544006348 623.447570801 705.696594238 916.25402832
eeg 866.904663086 623.447570801 653.057189941 810.975280762
eeg 919.544006348 676.086914062 705.696594238 810.975280762
eeg 761.625915527 623.447570801 653.057189941 863.614685059
eeg 814.265258789 623.447570801 600.41784668 863.614685059
eeg 814.265258789 834.005004883 863.614685059 916.25402832
eeg 814.265258789 570.808166504 600.41784668 863.614685059
eeg 919.544006348 676.086914062 653.057189941 863.614685059
a nan nan nan nan
b nan nan nan nan
d nan nan nan nan
g nan nan nan nan
t nan nan nan nan
h 4.0 4.0 4.0 4.0
c 0.0
Aa 0.0 0.0 0.0 0.0
Ab 0.0 0.0 0.0 0.0
Ad 0.0 0.0 0.0 0.0
Ag 0.0 0.0 0.0 0.0
At 0.0 0.0 0.0 0.0
as 0.0 0.0 0.0 0.0
bs 0.0 0.0 0.0 0.0
ds 0.0 0.0 0.0 0.0
gs 0.0 0.0 0.0 0.0
ts 0.0 0.0 0.0 0.0
eeg 814.265258789 676.086914062 653.057189941 810.975280762
eeg 814.265258789 728.726318359 705.696594238 916.25402832
eeg 814.265258789 676.086914062 705.696594238 1021.53277588
eeg 866.904663086 728.726318359 810.975280762 916.25402832
eeg 761.625915527 518.168823242 600.41784668 810.975280762
eeg 1024.82275391 412.890075684 389.860351562 758.3359375
eeg 866.904663086 623.447570801 653.057189941 810.975280762
eeg 814.265258789 623.447570801 653.057189941 863.614685059
eeg 919.544006348 623.447570801 653.057189941 810.975280762
eeg 919.544006348 623.447570801 705.696594238 810.975280762
eeg 919.544006348 623.447570801 705.696594238 810.975280762
eeg 708.98651123 676.086914062 810.975280762 758.3359375
eeg 761.625915527 465.529449463 495.139068604 863.614685059
eeg 814.265258789 570.808166504 547.778442383 810.975280762
eeg 814.265258789 728.726318359 758.3359375 810.975280762
eeg 814.265258789 676.086914062 758.3359375 810.975280762
eeg 814.265258789 781.365661621 916.25402832 758.3359375
eeg 603.707763672 623.447570801 705.696594238 1021.53277588
eeg 708.98651123 623.447570801 653.057189941 916.25402832
eeg 648.122253418 733.661254883 708.98651123 804.395385742
eeg 753.401000977 628.382507324 708.98651123 830.715087891
eeg 806.040344238 628.382507324 708.98651123 725.436340332
a nan nan nan nan
b nan nan nan nan
d nan nan nan nan
g nan nan nan nan
t nan nan nan nan
h 4.0 4.0 4.0 4.0
c 0.0
Aa 0.0 0.0 0.0 0.0
Ab 0.0 0.0 0.0 0.0
Ad 0.0 0.0 0.0 0.0
Ag 0.0 0.0 0.0 0.0
At 0.0 0.0 0.0 0.0
as 0.0 0.0 0.0 0.0
bs 0.0 0.0 0.0 0.0
ds 0.0 0.0 0.0 0.0
gs 0.0 0.0 0.0 0.0
ts 0.0 0.0 0.0 0.0
eeg 806.040344238 628.382507324 708.98651123 699.116638184
eeg 806.040344238 733.661254883 919.544006348 725.436340332
eeg 806.040344238 628.382507324 919.544006348 935.993835449
eeg 806.040344238 733.661254883 1024.82275391 804.395385742
eeg 700.76159668 628.382507324 814.265258789 857.034729004
eeg 858.679748535 523.103759766 603.707763672 751.75604248
eeg 806.040344238 733.661254883 814.265258789 751.75604248
eeg 700.76159668 733.661254883 814.265258789 883.354431152
eeg 858.679748535 733.661254883 814.265258789 857.034729004
eeg 753.401000977 733.661254883 814.265258789 857.034729004
eeg 858.679748535 628.382507324 603.707763672 857.034729004
eeg 700.76159668 733.661254883 708.98651123 778.075683594
eeg 700.76159668 628.382507324 603.707763672 962.313476562
eeg 858.679748535 523.103759766 498.429046631 962.313476562
eeg 806.040344238 733.661254883 603.707763672 857.034729004
eeg 858.679748535 628.382507324 393.150299072 699.116638184
eeg 806.040344238 944.218688965 814.265258789 699.116638184
eeg 595.482910156 838.940002441 708.98651123 857.034729004
eeg 753.401000977 628.382507324 393.150299072 857.034729004
eeg 806.040344238 944.218688965 708.98651123 804.395385742
eeg 858.679748535 838.940002441 708.98651123 804.395385742
eeg 858.679748535 944.218688965 814.265258789 804.395385742
a nan nan nan nan
b nan nan nan nan
d nan nan nan nan
g nan nan nan nan
t nan nan nan nan
h 4.0 4.0 4.0 4.0
c 0.0
Aa 0.0 0.0 0.0 0.0
Ab 0.0 0.0 0.0 0.0
Ad 0.0 0.0 0.0 0.0
Ag 0.0 0.0 0.0 0.0
At 0.0 0.0 0.0 0.0
as 0.0 0.0 0.0 0.0
bs 0.0 0.0 0.0 0.0
ds 0.0 0.0 0.0 0.0
gs 0.0 0.0 0.0 0.0
ts 0.0 0.0 0.0 0.0
eeg 753.401000977 838.940002441 708.98651123 804.395385742
eeg 753.401000977 838.940002441 603.707763672 909.674133301
eeg 911.319091797 944.218688965 708.98651123 857.034729004
eeg 911.319091797 944.218688965 814.265258789 857.034729004
eeg 648.122253418 944.218688965 919.544006348 962.313476562
eeg 858.679748535 628.382507324 603.707763672 804.395385742
eeg 700.76159668 733.661254883 603.707763672 909.674133301
eeg 753.401000977 628.382507324 498.429046631 909.674133301
eeg 806.040344238 733.661254883 603.707763672 857.034729004
eeg 648.122253418 733.661254883 603.707763672 857.034729004
eeg 753.401000977 575.743103027 603.707763672 1014.95288086
eeg 595.482910156 575.743103027 603.707763672 857.034729004
eeg 595.482910156 523.103759766 498.429046631 1067.59228516
eeg 806.040344238 470.464385986 393.150299072 962.313476562
eeg 806.040344238 891.579345703 814.265258789 909.674133301
eeg 806.040344238 575.743103027 603.707763672 962.313476562
eeg 806.040344238 681.021850586 603.707763672 857.034729004
eeg 595.482910156 681.021850586 603.707763672 857.034729004
eeg 700.76159668 575.743103027 498.429046631 909.674133301
eeg 753.401000977 838.940002441 814.265258789 593.837890625
eeg 700.76159668 786.300598145 814.265258789 804.395385742
eeg 753.401000977 681.021850586 708.98651123 804.395385742
a nan nan nan nan
b nan nan nan nan
d nan nan nan nan
g nan nan nan nan
t nan nan nan nan
h 4.0 4.0 4.0 4.0
c 0.0
Aa 0.0 0.0 0.0 0.0
Ab 0.0 0.0 0.0 0.0
Ad 0.0 0.0 0.0 0.0
Ag 0.0 0.0 0.0 0.0
At 0.0 0.0 0.0 0.0
as 0.0 0.0 0.0 0.0
bs 0.0 0.0 0.0 0.0
ds 0.0 0.0 0.0 0.0
gs 0.0 0.0 0.0 0.0
ts 0.0 0.0 0.0 0.0
eeg 753.401000977 681.021850586 708.98651123 804.395385742
eeg 753.401000977 733.661254883 708.98651123 909.674133301
eeg 806.040344238 628.382507324 603.707763672 909.674133301
eeg 806.040344238 786.300598145 708.98651123 883.354431152
eeg 753.401000977 628.382507324 551.06842041 804.395385742
eeg 753.401000977 681.021850586 656.347167969 830.715087891
eeg 700.76159668 681.021850586 656.347167969 883.354431152
eeg 700.76159668 733.661254883 708.98651123 909.674133301
eeg 753.401000977 628.382507324 551.06842041 857.034729004
eeg 753.401000977 681.021850586 603.707763672 830.715087891
eeg 753.401000977 628.382507324 551.06842041 778.075683594
eeg 753.401000977 628.382507324 551.06842041 804.395385742
eeg 753.401000977 733.661254883 708.98651123 883.354431152
eeg 700.76159668 681.021850586 656.347167969 909.674133301
eeg 858.679748535 628.382507324 551.06842041 804.395385742
eeg 700.76159668 733.661254883 708.98651123 804.395385742
eeg 806.040344238 681.021850586 708.98651123 804.395385742
eeg 700.76159668 681.021850586 708.98651123 857.034729004
eeg 753.401000977 628.382507324 603.707763672 962.313476562
eeg 858.679748535 628.382507324 498.429046631 962.313476562
eeg 963.958496094 417.825012207 393.150299072 909.674133301
eeg 963.958496094 681.021850586 708.98651123 909.674133301
a nan nan nan nan
b nan nan nan nan
d nan nan nan nan
g nan nan nan nan
t nan nan nan nan
h 4.0 4.0 4.0 4.0
c 0.0
Aa 0.0 0.0 0.0 0.0
Ab 0.0 0.0 0.0 0.0
Ad 0.0 0.0 0.0 0.0
Ag 0.0 0.0 0.0 0.0
At 0.0 0.0 0.0 0.0
as 0.0 0.0 0.0 0.0
bs 0.0 0.0 0.0 0.0
ds 0.0 0.0 0.0 0.0
gs 0.0 0.0 0.0 0.0
ts 0.0 0.0 0.0 0.0
eeg 858.679748535 470.464385986 603.707763672 909.674133301
eeg 858.679748535 417.825012207 498.429046631 1014.95288086
eeg 911.319091797 575.743103027 603.707763672 1014.95288086
eeg 963.958496094 575.743103027 603.707763672 962.313476562
eeg 858.679748535 575.743103027 603.707763672 857.034729004
eeg 858.679748535 523.103759766 498.429046631 857.034729004
eeg 911.319091797 628.382507324 603.707763672 857.034729004
eeg 806.040344238 733.661254883 708.98651123 909.674133301
eeg 806.040344238 733.661254883 708.98651123 1014.95288086
eeg 806.040344238 681.021850586 603.707763672 804.395385742
eeg 806.040344238 681.021850586 603.707763672 857.034729004
eeg 858.679748535 628.382507324 603.707763672 804.395385742
eeg 858.679748535 838.940002441 708.98651123 909.674133301
eeg 858.679748535 733.661254883 603.707763672 962.313476562
eeg 911.319091797 681.021850586 498.429046631 804.395385742
eeg 806.040344238 891.579345703 708.98651123 857.034729004
eeg 858.679748535 733.661254883 603.707763672 804.395385742
eeg 858.679748535 786.300598145 708.98651123 962.313476562
eeg 806.040344238 838.940002441 708.98651123 962.313476562
eeg 806.040344238 628.382507324 498.429046631 804.395385742
eeg 1016.59783936 628.382507324 498.429046631 804.395385742
eeg 858.679748535 786.300598145 708.98651123 804.395385742
a nan nan nan nan
b nan nan nan nan
d nan nan nan nan
g nan nan nan nan
t nan nan nan nan
h 4.0 4.0 4.0 4.0
c 0.0
Aa 0.0 0.0 0.0 0.0
Ab 0.0 0.0 0.0 0.0
Ad 0.0 0.0 0.0 0.0
Ag 0.0 0.0 0.0 0.0
At 0.0 0.0 0.0 0.0
as 0.0 0.0 0.0 0.0
bs 0.0 0.0 0.0 0.0
ds 0.0 0.0 0.0 0.0
gs 0.0 0.0 0.0 0.0
ts 0.0 0.0 0.0 0.0
eeg 700.76159668 838.940002441 814.265258789 804.395385742
eeg 806.040344238 681.021850586 708.98651123 962.313476562
eeg 753.401000977 681.021850586 708.98651123 857.034729004
eeg 911.319091797 628.382507324 603.707763672 804.395385742
eeg 911.319091797 681.021850586 708.98651123 804.395385742
eeg 806.040344238 786.300598145 814.265258789 804.395385742
eeg 753.401000977 681.021850586 708.98651123 909.674133301
eeg 806.040344238 681.021850586 498.429046631 909.674133301
eeg 595.482910156 996.858093262 814.265258789 962.313476562
eeg 963.958496094 470.464385986 182.592819214 751.75604248
eeg 806.040344238 891.579345703 603.707763672 1014.95288086
eeg 753.401000977 786.300598145 603.707763672 804.395385742
eeg 858.679748535 681.021850586 498.429046631 857.034729004
eeg 700.76159668 996.858093262 814.265258789 909.674133301
eeg 911.319091797 681.021850586 498.429046631 751.75604248
eeg 911.319091797 786.300598145 498.429046631 751.75604248
eeg 806.040344238 891.579345703 708.98651123 751.75604248
eeg 753.401000977 786.300598145 708.98651123 909.674133301
eeg 806.040344238 681.021850586 603.707763672 909.674133301
eeg 858.679748535 681.021850586 603.707763672 857.034729004
eeg 911.319091797 681.021850586 603.707763672 804.395385742
eeg 911.319091797 786.300598145 814.265258789 857.034729004
a nan nan nan nan
b nan nan nan nan
d nan nan nan nan
g nan nan nan nan
t nan nan nan nan
h 4.0 4.0 4.0 4.0
c 0.0
Aa 0.0 0.0 0.0 0.0
Ab 0.0 0.0 0.0 0.0
Ad 0.0 0.0 0.0 0.0
Ag 0.0 0.0 0.0 0.0
At 0.0 0.0 0.0 0.0
as 0.0 0.0 0.0 0.0
bs 0.0 0.0 0.0 0.0
ds 0.0 0.0 0.0 0.0
gs 0.0 0.0 0.0 0.0
ts 0.0 0.0 0.0 0.0
eeg 700.76159668 681.021850586 814.265258789 804.395385742
eeg 806.040344238 470.464385986 498.429046631 857.034729004
eeg 753.401000977 681.021850586 708.98651123 857.034729004
eeg 911.319091797 470.464385986 393.150299072 804.395385742
eeg 911.319091797 575.743103027 498.429046631 804.395385742
eeg 806.040344238 681.021850586 603.707763672 857.034729004
eeg 858.679748535 575.743103027 603.707763672 1014.95288086
eeg 806.040344238 681.021850586 708.98651123 962.313476562
eeg 858.679748535 470.464385986 498.429046631 857.034729004
eeg 858.679748535 681.021850586 708.98651123 804.395385742
eeg 753.401000977 575.743103027 603.707763672 857.034729004
eeg 753.401000977 575.743103027 603.707763672 857.034729004
eeg 753.401000977 786.300598145 814.265258789 857.034729004
eeg 858.679748535 575.743103027 603.707763672 857.034729004
eeg 858.679748535 681.021850586 708.98651123 751.75604248
eeg 806.040344238 681.021850586 708.98651123 751.75604248
eeg 789.590576172 692.536743164 722.146362305 708.98651123
eeg 789.590576172 692.536743164 774.785766602 866.904663086
eeg 842.229919434 587.257995605 722.146362305 814.265258789
eeg 842.229919434 587.257995605 669.507019043 761.625915527
eeg 894.86932373 587.257995605 616.867614746 708.98651123
eeg 736.951171875 745.176086426 774.785766602 708.98651123
a nan nan nan nan
b nan nan nan nan
d nan nan nan nan
g nan nan nan nan
t nan nan nan nan
h 4.0 4.0 4.0 4.0
c 0.0
Aa 0.0 0.0 0.0 0.0
Ab 0.0 0.0 0.0 0.0
Ad 0.0 0.0 0.0 0.0
Ag 0.0 0.0 0.0 0.0
At 0.0 0.0 0.0 0.0
as 0.0 0.0 0.0 0.0
bs 0.0 0.0 0.0 0.0
ds 0.0 0.0 0.0 0.0
gs 0.0 0.0 0.0 0.0
ts 0.0 0.0 0.0 0.0
eeg 736.951171875 692.536743164 774.785766602 761.625915527
eeg 789.590576172 587.257995605 564.228271484 761.625915527
eeg 1052.78747559 587.257995605 564.228271484 761.625915527
eeg 947.508666992 797.815490723 827.425109863 603.707763672
eeg 631.672424316 797.815490723 880.064453125 814.265258789
eeg 736.951171875 639.897338867 722.146362305 814.265258789
eeg 736.951171875 587.257995605 616.867614746 761.625915527
eeg 842.229919434 639.897338867 616.867614746 866.904663086
eeg 894.86932373 692.536743164 722.146362305 761.625915527
eeg 789.590576172 745.176086426 827.425109863 761.625915527
eeg 684.311828613 639.897338867 722.146362305 866.904663086
eeg 789.590576172 692.536743164 616.867614746 840.584960938
eeg 789.590576172 903.094238281 827.425109863 893.224304199
eeg 894.86932373 745.176086426 669.507019043 893.224304199
eeg 947.508666992 797.815490723 669.507019043 787.945556641
eeg 947.508666992 797.815490723 669.507019043 814.265258789
eeg 894.86932373 797.815490723 669.507019043 840.584960938
eeg 947.508666992 797.815490723 722.146362305 945.863708496
eeg 947.508666992 797.815490723 774.785766602 919.544006348
eeg 947.508666992 587.257995605 458.949523926 761.625915527
eeg 1000.14807129 692.536743164 511.588897705 735.306213379
eeg 947.508666992 745.176086426 669.507019043 814.265258789
a nan nan nan nan
b nan nan nan nan
d nan nan nan nan
g nan nan nan nan
t nan nan nan nan
h 4.0 4.0 4.0 4.0
c 0.0
Aa 0.0 0.0 0.0 0.0
Ab 0.0 0.0 0.0 0.0
Ad 0.0 0.0 0.0 0.0
Ag 0.0 0.0 0.0 0.0
At 0.0 0.0 0.0 0.0
as 0.0 0.0 0.0 0.0
bs 0.0 0.0 0.0 0.0
ds 0.0 0.0 0.0 0.0
gs 0.0 0.0 0.0 0.0
ts 0.0 0.0 0.0 0.0
eeg 736.951171875 797.815490723 827.425109863 814.265258789
eeg 789.590576172 745.176086426 722.146362305 919.544006348
eeg 842.229919434 639.897338867 616.867614746 866.904663086
eeg 894.86932373 639.897338867 616.867614746 814.265258789
eeg 894.86932373 639.897338867 616.867614746 787.945556641
eeg 736.951171875 745.176086426 827.425109863 840.584960938
eeg 684.311828613 639.897338867 722.146362305 787.945556641
eeg 736.951171875 639.897338867 722.146362305 787.945556641
eeg 736.951171875 745.176086426 827.425109863 787.945556641
eeg 789.590576172 745.176086426 827.425109863 682.666870117
eeg 631.672424316 850.454833984 932.703857422 998.503051758
eeg 631.672424316 745.176086426 827.425109863 840.584960938
eeg 684.311828613 745.176086426 827.425109863 840.584960938
eeg 684.311828613 850.454833984 932.703857422 840.584960938
eeg 789.590576172 639.897338867 722.146362305 735.306213379
eeg 736.951171875 745.176086426 827.425109863 787.945556641
eeg 736.951171875 639.897338867 722.146362305 840.584960938
eeg 842.229919434 639.897338867 722.146362305 840.584960938
eeg 842.229919434 850.454833984 1037.98254395 840.584960938
eeg 842.229919434 639.897338867 722.146362305 787.945556641
eeg 894.86932373 745.176086426 827.425109863 735.306213379
eeg 736.951171875 639.897338867 722.146362305 858.679748535
a nan nan nan nan
b nan nan nan nan
d nan nan nan nan
g nan nan nan nan
t nan nan nan nan
h 4.0 4.0 4.0 4.0
c 0.0
Aa 0.0 0.0 0.0 0.0
Ab 0.0 0.0 0.0 0.0
Ad 0.0 0.0 0.0 0.0
Ag 0.0 0.0 0.0 0.0
At 0.0 0.0 0.0 0.0
as 0.0 0.0 0.0 0.0
bs 0.0 0.0 0.0 0.0
ds 0.0 0.0 0.0 0.0
gs 0.0 0.0 0.0 0.0
ts 0.0 0.0 0.0 0.0
eeg 842.229919434 534.618591309 564.228271484 876.774536133
eeg 947.508666992 692.536743164 827.425109863 865.259643555
eeg 1000.14807129 481.979248047 616.867614746 865.259643555
eeg 1000.14807129 692.536743164 880.064453125 952.443603516
eeg 736.951171875 587.257995605 774.785766602 784.655639648
eeg 842.229919434 534.618591309 616.867614746 960.668518066
eeg 894.86932373 534.618591309 616.867614746 873.484558105
eeg 947.508666992 534.618591309 616.867614746 858.679748535
eeg 947.508666992 639.897338867 774.785766602 834.005004883
eeg 947.508666992 639.897338867 774.785766602 763.270874023
eeg 789.590576172 639.897338867 774.785766602 935.993835449
eeg 842.229919434 481.979248047 511.588897705 896.514282227
eeg 842.229919434 745.176086426 774.785766602 878.419494629
eeg 842.229919434 639.897338867 722.146362305 865.259643555
eeg 894.86932373 639.897338867 669.507019043 855.389770508
eeg 789.590576172 685.956787109 722.146362305 750.111022949
eeg 736.951171875 600.41784668 616.867614746 908.029174805
eeg 894.86932373 646.477294922 616.867614746 908.029174805
eeg 789.590576172 955.733581543 1037.98254395 855.389770508
eeg 684.311828613 620.157592773 722.146362305 802.750427246
eeg 789.590576172 653.057189941 722.146362305 750.111022949
eeg 684.311828613 810.975280762 880.064453125 1118.58666992
a nan nan nan nan
b nan nan nan nan
d nan nan nan nan
g nan nan nan nan
t nan nan nan nan
h 4.0 4.0 4.0 4.0
c 0.0
Aa 0.0 0.0 0.0 0.0
Ab 0.0 0.0 0.0 0.0
Ad 0.0 0.0 0.0 0.0
Ag 0.0 0.0 0.0 0.0
At 0.0 0.0 0.0 0.0
as 0.0 0.0 0.0 0.0
bs 0.0 0.0 0.0 0.0
ds 0.0 0.0 0.0 0.0
gs 0.0 0.0 0.0 0.0
ts 0.0 0.0 0.0 0.0
eeg 631.672424316 692.536743164 774.785766602 1013.30786133
eeg 631.672424316 672.796936035 722.146362305 908.029174805
eeg 736.951171875 646.477294922 669.507019043 855.389770508
eeg 736.951171875 639.897338867 616.867614746 802.750427246
eeg 736.951171875 646.477294922 616.867614746 855.389770508
eeg 736.951171875 837.29498291 880.064453125 960.668518066
eeg 736.951171875 620.157592773 669.507019043 908.029174805
eeg 842.229919434 639.897338867 616.867614746 855.389770508
eeg 736.951171875 810.975280762 827.425109863 908.029174805
eeg 789.590576172 705.696594238 722.146362305 802.750427246
eeg 684.311828613 705.696594238 722.146362305 855.389770508
eeg 684.311828613 758.3359375 774.785766602 855.389770508
eeg 736.951171875 758.3359375 774.785766602 855.389770508
eeg 842.229919434 705.696594238 669.507019043 802.750427246
eeg 842.229919434 863.614685059 880.064453125 1013.30786133
eeg 789.590576172 600.41784668 564.228271484 750.111022949
eeg 789.590576172 653.057189941 564.228271484 908.029174805
eeg 894.86932373 705.696594238 669.507019043 908.029174805
eeg 894.86932373 810.975280762 880.064453125 802.750427246
eeg 684.311828613 810.975280762 880.064453125 802.750427246
eeg 789.590576172 600.41784668 616.867614746 750.111022949
eeg 631.672424316 653.057189941 669.507019043 855.389770508
a nan nan nan nan
b nan nan nan nan
d nan nan nan nan
g nan nan nan nan
t nan nan nan nan
h 4.0 4.0 4.0 4.0
c 0.0
Aa 0.0 0.0 0.0 0.0
Ab 0.0 0.0 0.0 0.0
Ad 0.0 0.0 0.0 0.0
Ag 0.0 0.0 0.0 0.0
At 0.0 0.0 0.0 0.0
as 0.0 0.0 0.0 0.0
bs 0.0 0.0 0.0 0.0
ds 0.0 0.0 0.0 0.0
gs 0.0 0.0 0.0 0.0
ts 0.0 0.0 0.0 0.0
eeg 736.951171875 547.778442383 511.588897705 855.389770508
eeg 736.951171875 758.3359375 774.785766602 855.389770508
eeg 736.951171875 705.696594238 774.785766602 802.750427246
eeg 789.590576172 600.41784668 669.507019043 796.170471191
eeg 789.590576172 600.41784668 669.507019043 796.170471191
eeg 789.590576172 626.737487793 669.507019043 980.40826416
eeg 894.86932373 626.737487793 669.507019043 996.858093262
eeg 894.86932373 810.975280762 880.064453125 1029.75769043
eeg 736.951171875 574.098144531 669.507019043 806.040344238
eeg 842.229919434 679.37689209 722.146362305 802.750427246
eeg 736.951171875 679.37689209 722.146362305 1036.33764648
eeg 789.590576172 679.37689209 722.146362305 931.058898926
eeg 789.590576172 574.098144531 564.228271484 815.91027832
eeg 894.86932373 653.057189941 616.867614746 802.750427246
eeg 789.590576172 732.016235352 722.146362305 786.300598145
eeg 684.311828613 732.016235352 774.785766602 822.49017334
eeg 736.951171875 705.696594238 774.785766602 1019.88781738
eeg 736.951171875 600.41784668 616.867614746 855.389770508
eeg 947.508666992 600.41784668 564.228271484 779.720703125
eeg 857.034729004 810.975280762 880.064453125 727.081298828
eeg 822.49017334 810.975280762 880.064453125 674.441955566
eeg 792.880554199 705.696594238 774.785766602 727.081298828
a nan nan nan nan
b nan nan nan nan
d nan nan nan nan
g nan nan nan nan
t nan nan nan nan
h 4.0 4.0 4.0 4.0
c 0.0
Aa 0.0 0.0 0.0 0.0
Ab 0.0 0.0 0.0 0.0
Ad 0.0 0.0 0.0 0.0
Ag 0.0 0.0 0.0 0.0
At 0.0 0.0 0.0 0.0
as 0.0 0.0 0.0 0.0
bs 0.0 0.0 0.0 0.0
ds 0.0 0.0 0.0 0.0
gs 0.0 0.0 0.0 0.0
ts 0.0 0.0 0.0 0.0
eeg 794.525512695 758.3359375 774.785766602 779.720703125
eeg 825.780151367 758.3359375 774.785766602 727.081298828
eeg 878.419494629 705.696594238 774.785766602 727.081298828
eeg 781.365661621 863.614685059 985.343200684 884.999450684
eeg 756.690979004 600.41784668 774.785766602 727.081298828
eeg 794.525512695 600.41784668 774.785766602 832.360046387
eeg 746.821105957 758.3359375 880.064453125 832.360046387
eeg 926.123962402 547.778442383 669.507019043 727.081298828
eeg 801.105407715 810.975280762 880.064453125 779.720703125
eeg 807.68536377 600.41784668 669.507019043 779.720703125
eeg 797.815490723 758.3359375 774.785766602 937.638793945
eeg 778.075683594 705.696594238 774.785766602 884.999450684
eeg 722.146362305 810.975280762 880.064453125 884.999450684
eeg 904.739196777 592.192932129 672.796936035 787.945556641
eeg 799.460449219 697.471679688 567.518188477 945.863708496
eeg 694.18170166 908.029174805 778.075683594 735.306213379
eeg 694.18170166 802.750427246 462.239471436 787.945556641
eeg 904.739196777 908.029174805 567.518188477 840.584960938
eeg 904.739196777 1013.30786133 778.075683594 787.945556641
eeg 904.739196777 802.750427246 567.518188477 787.945556641
eeg 904.739196777 802.750427246 567.518188477 787.945556641
eeg 799.460449219 908.029174805 778.075683594 787.945556641
a nan nan nan nan
b nan nan nan nan
d nan nan nan nan
g nan nan nan nan
t nan nan nan nan
h 4.0 4.0 4.0 4.0
c 0.0
Aa 0.0 0.0 0.0 0.0
Ab 0.0 0.0 0.0 0.0
Ad 0.0 0.0 0.0 0.0
Ag 0.0 0.0 0.0 0.0
At 0.0 0.0 0.0 0.0
as 0.0 0.0 0.0 0.0
bs 0.0 0.0 0.0 0.0
ds 0.0 0.0 0.0 0.0
gs 0.0 0.0 0.0 0.0
ts 0.0 0.0 0.0 0.0
eeg 904.739196777 697.471679688 567.518188477 787.945556641
eeg 799.460449219 908.029174805 778.075683594 787.945556641
eeg 904.739196777 802.750427246 672.796936035 682.666870117
eeg 799.460449219 802.750427246 672.796936035 682.666870117
eeg 799.460449219 908.029174805 778.075683594 735.306213379
eeg 799.460449219 908.029174805 883.354431152 840.584960938
eeg 904.739196777 592.192932129 567.518188477 840.584960938
eeg 904.739196777 697.471679688 672.796936035 735.306213379
eeg 904.739196777 592.192932129 725.436340332 787.945556641
eeg 832.360046387 592.192932129 725.436340332 787.945556641
eeg 914.609069824 644.832275391 830.715087891 1051.14245605
eeg 822.49017334 644.832275391 830.715087891 945.863708496
eeg 921.188964844 592.192932129 725.436340332 787.945556641
eeg 927.768920898 750.111022949 883.354431152 787.945556641
eeg 700.76159668 697.471679688 830.715087891 945.863708496
eeg 713.921447754 697.471679688 830.715087891 893.224304199
eeg 743.53112793 697.471679688 830.715087891 893.224304199
eeg 802.750427246 697.471679688 830.715087891 945.863708496
eeg 908.029174805 644.832275391 725.436340332 735.306213379
eeg 871.839599609 697.471679688 778.075683594 840.584960938
eeg 789.590576172 750.111022949 830.715087891 840.584960938
eeg 789.590576172 644.832275391 672.796936035 840.584960938
a nan nan nan nan
b nan nan nan nan
d nan nan nan nan
g nan nan nan nan
t nan nan nan nan
h 4.0 4.0 4.0 4.0
c 0.0
Aa 0.0 0.0 0.0 0.0
Ab 0.0 0.0 0.0 0.0
Ad 0.0 0.0 0.0 0.0
Ag 0.0 0.0 0.0 0.0
At 0.0 0.0 0.0 0.0
as 0.0 0.0 0.0 0.0
bs 0.0 0.0 0.0 0.0
ds 0.0 0.0 0.0 0.0
gs 0.0 0.0 0.0 0.0
ts 0.0 0.0 0.0 0.0
eeg 825.780151367 697.471679688 672.796936035 893.224304199
eeg 858.679748535 750.111022949 778.075683594 840.584960938
eeg 806.040344238 750.111022949 672.796936035 787.945556641
eeg 648.122253418 750.111022949 567.518188477 866.904663086
eeg 648.122253418 750.111022949 567.518188477 893.224304199
eeg 648.122253418 750.111022949 567.518188477 998.503051758
eeg 858.679748535 539.553527832 356.960723877 998.503051758
eeg 858.679748535 855.389770508 672.796936035 998.503051758
eeg 806.040344238 539.553527832 356.960723877 866.904663086
eeg 806.040344238 750.111022949 567.518188477 919.544006348
eeg 700.76159668 750.111022949 567.518188477 945.863708496
eeg 858.679748535 644.832275391 462.239471436 945.863708496
eeg 858.679748535 855.389770508 672.796936035 840.584960938
eeg 911.319091797 644.832275391 567.518188477 814.265258789
eeg 806.040344238 644.832275391 567.518188477 840.584960938
eeg 700.76159668 750.111022949 778.075683594 866.904663086
eeg 753.401000977 644.832275391 672.796936035 945.863708496
eeg 806.040344238 644.832275391 672.796936035 919.544006348
eeg 911.319091797 644.832275391 778.075683594 761.625915527
eeg 806.040344238 644.832275391 778.075683594 761.625915527
eeg 858.679748535 644.832275391 725.436340332 761.625915527
eeg 911.319091797 644.832275391 725.436340332 761.625915527
a nan nan nan nan
b nan nan nan nan
d nan nan nan nan
g nan nan nan nan
t nan nan nan nan
h 4.0 4.0 4.0 4.0
c 0.0
Aa 0.0 0.0 0.0 0.0
Ab 0.0 0.0 0.0 0.0
Ad 0.0 0.0 0.0 0.0
Ag 0.0 0.0 0.0 0.0
At 0.0 0.0 0.0 0.0
as 0.0 0.0 0.0 0.0
bs 0.0 0.0 0.0 0.0
ds 0.0 0.0 0.0 0.0
gs 0.0 0.0 0.0 0.0
ts 0.0 0.0 0.0 0.0
eeg 911.319091797 750.111022949 830.715087891 814.265258789
eeg 911.319091797 697.471679688 778.075683594 708.98651123
eeg 911.319091797 697.471679688 778.075683594 708.98651123
eeg 753.401000977 802.750427246 935.993835449 919.544006348
eeg 753.401000977 644.832275391 778.075683594 814.265258789
eeg 806.040344238 592.192932129 567.518188477 814.265258789
eeg 963.958496094 644.832275391 620.157592773 866.904663086
eeg 963.958496094 802.750427246 830.715087891 814.265258789
eeg 753.401000977 802.750427246 830.715087891 814.265258789
eeg 806.040344238 697.471679688 725.436340332 866.904663086
eeg 806.040344238 644.832275391 620.157592773 814.265258789
eeg 911.319091797 697.471679688 620.157592773 866.904663086
eeg 898.159240723 723.791320801 725.436340332 787.945556641
eeg 865.259643555 750.111022949 830.715087891 735.306213379
eeg 720.501403809 618.512634277 725.436340332 735.306213379
eeg 759.980895996 697.471679688 830.715087891 787.945556641
eeg 819.200195312 697.471679688 830.715087891 761.625915527
eeg 812.620300293 697.471679688 830.715087891 840.584960938
eeg 898.159240723 750.111022949 935.993835449 840.584960938
eeg 766.560852051 565.87322998 725.436340332 656.347167969
eeg 766.560852051 644.832275391 725.436340332 814.265258789
eeg 806.040344238 644.832275391 725.436340332 787.945556641
a nan nan nan nan
b nan nan nan nan
d nan nan nan nan
g nan nan nan nan
t nan nan nan nan
h 4.0 4.0 4.0 4.0
c 0.0
Aa 0.0 0.0 0.0 0.0
Ab 0.0 0.0 0.0 0.0
Ad 0.0 0.0 0.0 0.0
Ag 0.0 0.0 0.0 0.0
At 0.0 0.0 0.0 0.0
as 0.0 0.0 0.0 0.0
bs 0.0 0.0 0.0 0.0
ds 0.0 0.0 0.0 0.0
gs 0.0 0.0 0.0 0.0
ts 0.0 0.0 0.0 0.0
eeg 884.999450684 644.832275391 672.796936035 814.265258789
eeg 904.739196777 697.471679688 725.436340332 787.945556641
eeg 898.159240723 723.791320801 778.075683594 735.306213379
eeg 766.560852051 618.512634277 620.157592773 735.306213379
eeg 779.720703125 697.471679688 672.796936035 840.584960938
eeg 884.999450684 644.832275391 620.157592773 682.666870117
eeg 904.739196777 697.471679688 620.157592773 787.945556641
eeg 909.674133301 855.389770508 725.436340332 787.945556641
eeg 759.980895996 697.471679688 462.239471436 630.02746582
eeg 743.53112793 802.750427246 567.518188477 787.945556641
eeg 817.555236816 750.111022949 514.878845215 840.584960938
eeg 898.159240723 750.111022949 514.878845215 787.945556641
eeg 919.544006348 697.471679688 462.239471436 630.02746582
eeg 884.999450684 855.389770508 672.796936035 682.666870117
eeg 797.815490723 592.192932129 409.600097656 682.666870117
eeg 786.300598145 802.750427246 672.796936035 840.584960938
eeg 899.804260254 750.111022949 672.796936035 840.584960938
eeg 878.419494629 697.471679688 620.157592773 840.584960938
eeg 906.384155273 697.471679688 620.157592773 787.945556641
eeg 848.809875488 750.111022949 725.436340332 787.945556641
eeg 746.821105957 697.471679688 725.436340332 893.224304199
eeg 842.229919434 697.471679688 725.436340332 840.584960938
a nan nan nan nan
b nan nan nan nan
d nan nan nan nan
g nan nan nan nan
t nan nan nan nan
h 4.0 4.0 4.0 4.0
c 0.0
Aa 0.0 0.0 0.0 0.0
Ab 0.0 0.0 0.0 0.0
Ad 0.0 0.0 0.0 0.0
Ag 0.0 0.0 0.0 0.0
At 0.0 0.0 0.0 0.0
as 0.0 0.0 0.0 0.0
bs 0.0 0.0 0.0 0.0
ds 0.0 0.0 0.0 0.0
gs 0.0 0.0 0.0 0.0
ts 0.0 0.0 0.0 0.0
eeg 868.549621582 750.111022949 725.436340332 787.945556641
eeg 868.549621582 802.750427246 725.436340332 682.666870117
eeg 868.549621582 802.750427246 672.796936035 682.666870117
eeg 789.590576172 1013.30786133 935.993835449 945.863708496
eeg 736.951171875 802.750427246 725.436340332 840.584960938
eeg 815.91027832 855.389770508 778.075683594 840.584960938
eeg 868.549621582 802.750427246 725.436340332 840.584960938
eeg 868.549621582 855.389770508 778.075683594 893.224304199
eeg 842.229919434 750.111022949 620.157592773 840.584960938
eeg 763.270874023 802.750427246 672.796936035 998.503051758
eeg 842.229919434 802.750427246 672.796936035 840.584960938
eeg 868.549621582 750.111022949 620.157592773 840.584960938
eeg 842.229919434 908.029174805 830.715087891 893.224304199
eeg 842.229919434 697.471679688 672.796936035 787.945556641
eeg 763.270874023 697.471679688 672.796936035 840.584960938
eeg 736.951171875 750.111022949 778.075683594 893.224304199
eeg 815.91027832 802.750427246 830.715087891 840.584960938
eeg 842.229919434 802.750427246 830.715087891 787.945556641
eeg 815.91027832 855.389770508 830.715087891 787.945556641
eeg 736.951171875 855.389770508 830.715087891 682.666870117
eeg 710.631530762 750.111022949 725.436340332 735.306213379
eeg 789.590576172 855.389770508 830.715087891 945.863708496
a nan nan nan nan
b nan nan nan nan
d nan nan nan nan
g nan nan nan nan
t nan nan nan nan
h 4.0 4.0 4.0 4.0
c 0.0
Aa 0.0 0.0 0.0 0.0
Ab 0.0 0.0 0.0 0.0
Ad 0.0 0.0 0.0 0.0
Ag 0.0 0.0 0.0 0.0
At 0.0 0.0 0.0 0.0
as 0.0 0.0 0.0 0.0
bs 0.0 0.0 0.0 0.0
ds 0.0 0.0 0.0 0.0
gs 0.0 0.0 0.0 0.0
ts 0.0 0.0 0.0 0.0
eeg 868.549621582 802.750427246 778.075683594 840.584960938
eeg 842.229919434 697.471679688 620.157592773 840.584960938
eeg 842.229919434 802.750427246 672.796936035 787.945556641
eeg 868.549621582 802.750427246 778.075683594 840.584960938
eeg 684.311828613 908.029174805 988.633178711 893.224304199
eeg 736.951171875 750.111022949 830.715087891 840.584960938
eeg 894.86932373 644.832275391 672.796936035 840.584960938
eeg 815.91027832 750.111022949 672.796936035 840.584960938
eeg 815.91027832 750.111022949 725.436340332 840.584960938
eeg 763.270874023 750.111022949 778.075683594 998.503051758
eeg 820.845214844 692.536743164 730.371276855 873.484558105
eeg 873.484558105 587.257995605 519.813781738 820.845214844
eeg 847.164855957 692.536743164 625.092529297 820.845214844
eeg 820.845214844 587.257995605 519.813781738 715.566467285
eeg 768.205810547 692.536743164 625.092529297 926.123962402
eeg 741.886108398 587.257995605 519.813781738 873.484558105
eeg 820.845214844 587.257995605 519.813781738 926.123962402
eeg 794.525512695 692.536743164 730.371276855 820.845214844
eeg 820.845214844 587.257995605 625.092529297 1241.96020508
eeg 636.607421875 587.257995605 625.092529297 1241.96020508
eeg 636.607421875 587.257995605 519.813781738 1084.04199219
eeg 926.123962402 481.979248047 414.53503418 1136.68139648
a nan nan nan nan
b nan nan nan nan
d nan nan nan nan
g nan nan nan nan
t nan nan nan nan
h 4.0 4.0 4.0 4.0
c 0.0
Aa 0.0 0.0 0.0 0.0
Ab 0.0 0.0 0.0 0.0
Ad 0.0 0.0 0.0 0.0
Ag 0.0 0.0 0.0 0.0
At 0.0 0.0 0.0 0.0
as 0.0 0.0 0.0 0.0
bs 0.0 0.0 0.0 0.0
ds 0.0 0.0 0.0 0.0
gs 0.0 0.0 0.0 0.0
ts 0.0 0.0 0.0 0.0
eeg 899.804260254 797.815490723 730.371276855 1189.32080078
eeg 794.525512695 587.257995605 519.813781738 715.566467285
eeg 820.845214844 692.536743164 730.371276855 873.484558105
eeg 583.968017578 587.257995605 625.092529297 873.484558105
eeg 741.886108398 587.257995605 625.092529297 820.845214844
eeg 689.246765137 797.815490723 940.928771973 1031.40270996
eeg 794.525512695 587.257995605 835.650024414 926.123962402
eeg 794.525512695 587.257995605 835.650024414 926.123962402
eeg 741.886108398 587.257995605 940.928771973 873.484558105
eeg 741.886108398 587.257995605 940.928771973 1136.68139648
eeg 847.164855957 587.257995605 940.928771973 1084.04199219
eeg 847.164855957 797.815490723 1151.48620605 1084.04199219
eeg 689.246765137 587.257995605 835.650024414 1031.40270996
eeg 794.525512695 692.536743164 835.650024414 926.123962402
eeg 689.246765137 692.536743164 835.650024414 1031.40270996
eeg 741.886108398 797.815490723 1046.20751953 1189.32080078
eeg 689.246765137 692.536743164 835.650024414 1241.96020508
eeg 847.164855957 587.257995605 625.092529297 926.123962402
eeg 741.886108398 692.536743164 730.371276855 978.763305664
eeg 741.886108398 692.536743164 730.371276855 715.566467285
eeg 794.525512695 797.815490723 835.650024414 1084.04199219
eeg 741.886108398 850.454833984 888.289367676 1031.40270996
a nan nan nan nan
b nan nan nan nan
d nan nan nan nan
g nan nan nan nan
t nan nan nan nan
h 4.0 4.0 4.0 4.0
c 0.0
Aa 0.0 0.0 0.0 0.0
Ab 0.0 0.0 0.0 0.0
Ad 0.0 0.0 0.0 0.0
Ag 0.0 0.0 0.0 0.0
At 0.0 0.0 0.0 0.0
as 0.0 0.0 0.0 0.0
bs 0.0 0.0 0.0 0.0
ds 0.0 0.0 0.0 0.0
gs 0.0 0.0 0.0 0.0
ts 0.0 0.0 0.0 0.0
eeg 899.804260254 639.897338867 625.092529297 978.763305664
eeg 794.525512695 745.176086426 677.731872559 873.484558105
eeg 794.525512695 797.815490723 783.010620117 873.484558105
eeg 741.886108398 745.176086426 730.371276855 926.123962402
eeg 794.525512695 745.176086426 730.371276855 926.123962402
eeg 847.164855957 692.536743164 677.731872559 926.123962402
eeg 847.164855957 797.815490723 783.010620117 873.484558105
eeg 741.886108398 692.536743164 625.092529297 926.123962402
eeg 741.886108398 903.094238281 835.650024414 820.845214844
eeg 794.525512695 745.176086426 730.371276855 1031.40270996
eeg 847.164855957 745.176086426 730.371276855 978.763305664
eeg 899.804260254 745.176086426 730.371276855 926.123962402
eeg 794.525512695 745.176086426 783.010620117 926.123962402
eeg 794.525512695 745.176086426 783.010620117 873.484558105
eeg 636.607421875 745.176086426 783.010620117 926.123962402
eeg 741.886108398 692.536743164 677.731872559 926.123962402
eeg 741.886108398 850.454833984 677.731872559 926.123962402
eeg 847.164855957 745.176086426 572.453186035 873.484558105
eeg 741.886108398 955.733581543 888.289367676 1136.68139648
eeg 636.607421875 797.815490723 677.731872559 873.484558105
eeg 741.886108398 797.815490723 677.731872559 978.763305664
eeg 741.886108398 797.815490723 677.731872559 1031.40270996
a nan nan nan nan
b nan nan nan nan
d nan nan nan nan
g nan nan nan nan
t nan nan nan nan
h 4.0 4.0 4.0 4.0
c 0.0
Aa 0.0 0.0 0.0 0.0
Ab 0.0 0.0 0.0 0.0
Ad 0.0 0.0 0.0 0.0
Ag 0.0 0.0 0.0 0.0
At 0.0 0.0 0.0 0.0
as 0.0 0.0 0.0 0.0
bs 0.0 0.0 0.0 0.0
ds 0.0 0.0 0.0 0.0
gs 0.0 0.0 0.0 0.0
ts 0.0 0.0 0.0 0.0
eeg 847.164855957 850.454833984 783.010620117 1084.04199219
eeg 741.886108398 692.536743164 572.453186035 820.845214844
eeg 741.886108398 745.176086426 572.453186035 873.484558105
eeg 847.164855957 797.815490723 677.731872559 873.484558105
eeg 847.164855957 850.454833984 783.010620117 873.484558105
eeg 741.886108398 850.454833984 783.010620117 926.123962402
eeg 952.443603516 639.897338867 572.453186035 820.845214844
eeg 741.886108398 692.536743164 572.453186035 820.845214844
eeg 741.886108398 745.176086426 677.731872559 820.845214844
eeg 741.886108398 692.536743164 730.371276855 978.763305664
eeg 689.246765137 639.897338867 677.731872559 926.123962402
eeg 794.525512695 639.897338867 625.092529297 873.484558105
eeg 689.246765137 692.536743164 730.371276855 873.484558105
eeg 689.246765137 639.897338867 730.371276855 873.484558105
eeg 689.246765137 745.176086426 835.650024414 926.123962402
eeg 741.886108398 639.897338867 730.371276855 926.123962402
eeg 741.886108398 587.257995605 625.092529297 873.484558105
eeg 794.525512695 745.176086426 730.371276855 820.845214844
eeg 741.886108398 745.176086426 835.650024414 926.123962402
eeg 689.246765137 745.176086426 888.289367676 820.845214844
eeg 794.525512695 587.257995605 677.731872559 926.123962402
eeg 794.525512695 639.897338867 730.371276855 926.123962402
a nan nan nan nan
b nan nan nan nan
d nan nan nan nan
g nan nan nan nan
t nan nan nan nan
h 4.0 4.0 4.0 4.0
c 0.0
Aa 0.0 0.0 0.0 0.0
Ab 0.0 0.0 0.0 0.0
Ad 0.0 0.0 0.0 0.0
Ag 0.0 0.0 0.0 0.0
At 0.0 0.0 0.0 0.0
as 0.0 0.0 0.0 0.0
bs 0.0 0.0 0.0 0.0
ds 0.0 0.0 0.0 0.0
gs 0.0 0.0 0.0 0.0
ts 0.0 0.0 0.0 0.0
eeg 847.164855957 534.618591309 519.813781738 873.484558105
eeg 741.886108398 745.176086426 783.010620117 873.484558105
eeg 741.886108398 692.536743164 783.010620117 873.484558105
eeg 794.525512695 692.536743164 783.010620117 926.123962402
eeg 899.804260254 745.176086426 783.010620117 978.763305664
eeg 952.443603516 797.815490723 783.010620117 978.763305664
eeg 952.443603516 745.176086426 783.010620117 820.845214844
eeg 794.525512695 850.454833984 888.289367676 926.123962402
eeg 794.525512695 639.897338867 677.731872559 873.484558105
eeg 847.164855957 797.815490723 783.010620117 926.123962402
eeg 794.525512695 797.815490723 783.010620117 978.763305664
eeg 952.443603516 587.257995605 467.174407959 873.484558105
eeg 794.525512695 797.815490723 677.731872559 873.484558105
eeg 794.525512695 745.176086426 677.731872559 873.484558105
eeg 899.804260254 639.897338867 572.453186035 873.484558105
eeg 847.164855957 955.733581543 888.289367676 873.484558105
eeg 794.525512695 692.536743164 677.731872559 820.845214844
eeg 847.164855957 692.536743164 677.731872559 768.205810547
eeg 689.246765137 850.454833984 888.289367676 926.123962402
eeg 689.246765137 639.897338867 677.731872559 820.845214844
eeg 741.886108398 850.454833984 888.289367676 873.484558105
eeg 794.525512695 745.176086426 783.010620117 873.484558105
a nan nan nan nan
b nan nan nan nan
d nan nan nan nan
g nan nan nan nan
t nan nan nan nan
h 4.0 4.0 4.0 4.0
c 0.0
Aa 0.0 0.0 0.0 0.0
Ab 0.0 0.0 0.0 0.0
Ad 0.0 0.0 0.0 0.0
Ag 0.0 0.0 0.0 0.0
At 0.0 0.0 0.0 0.0
as 0.0 0.0 0.0 0.0
bs 0.0 0.0 0.0 0.0
ds 0.0 0.0 0.0 0.0
gs 0.0 0.0 0.0 0.0
ts 0.0 0.0 0.0 0.0
eeg 794.525512695 745.176086426 783.010620117 820.845214844
eeg 689.246765137 745.176086426 783.010620117 820.845214844
eeg 689.246765137 639.897338867 677.731872559 873.484558105
eeg 583.968017578 745.176086426 783.010620117 926.123962402
eeg 794.525512695 429.339874268 467.174407959 926.123962402
eeg 794.525512695 639.897338867 677.731872559 873.484558105
eeg 794.525512695 639.897338867 677.731872559 820.845214844
eeg 794.525512695 534.618591309 572.453186035 820.845214844
eeg 741.886108398 745.176086426 783.010620117 873.484558105
eeg 794.525512695 639.897338867 677.731872559 926.123962402
eeg 794.525512695 745.176086426 783.010620117 926.123962402
eeg 899.804260254 745.176086426 783.010620117 926.123962402
eeg 583.968017578 745.176086426 783.010620117 768.205810547
eeg 794.525512695 639.897338867 572.453186035 873.484558105
eeg 1005.08300781 639.897338867 677.731872559 899.804260254
eeg 899.804260254 955.733581543 1098.84692383 899.804260254
eeg 1005.08300781 534.618591309 677.731872559 847.164855957
eeg 899.804260254 955.733581543 1204.12561035 768.205810547
eeg 689.246765137 745.176086426 993.568115234 1057.72241211
eeg 794.525512695 639.897338867 783.010620117 899.804260254
eeg 794.525512695 850.454833984 993.568115234 899.804260254
eeg 1005.08300781 534.618591309 572.453186035 899.804260254
a nan nan nan nan
b nan nan nan nan
d nan nan nan nan
g nan nan nan nan
t nan nan nan nan
h 4.0 4.0 4.0 4.0
c 0.0
Aa 0.0 0.0 0.0 0.0
Ab 0.0 0.0 0.0 0.0
Ad 0.0 0.0 0.0 0.0
Ag 0.0 0.0 0.0 0.0
At 0.0 0.0 0.0 0.0
as 0.0 0.0 0.0 0.0
bs 0.0 0.0 0.0 0.0
ds 0.0 0.0 0.0 0.0
gs 0.0 0.0 0.0 0.0
ts 0.0 0.0 0.0 0.0
eeg 899.804260254 850.454833984 888.289367676 715.566467285
eeg 899.804260254 850.454833984 888.289367676 847.164855957
eeg 794.525512695 745.176086426 783.010620117 899.804260254
eeg 899.804260254 745.176086426 783.010620117 873.484558105
eeg 899.804260254 745.176086426 783.010620117 899.804260254
eeg 899.804260254 745.176086426 783.010620117 873.484558105
eeg 899.804260254 745.176086426 783.010620117 768.205810547
eeg 771.495788574 689.246765137 690.891723633 824.135131836
eeg 806.040344238 741.886108398 638.252380371 876.774536133
eeg 917.899047852 741.886108398 585.612976074 929.413879395
eeg 889.934387207 794.525512695 638.252380371 929.413879395
eeg 896.514282227 794.525512695 690.891723633 1034.69262695
eeg 814.265258789 636.607421875 532.973632812 771.495788574
eeg 750.111022949 741.886108398 638.252380371 929.413879395
eeg 801.105407715 741.886108398 638.252380371 929.413879395
eeg 894.86932373 741.886108398 638.252380371 876.774536133
eeg 865.259643555 636.607421875 532.973632812 824.135131836
eeg 883.354431152 741.886108398 638.252380371 771.495788574
eeg 896.514282227 741.886108398 690.891723633 929.413879395
eeg 672.796936035 847.164855957 901.44921875 929.413879395
eeg 756.690979004 741.886108398 796.170471191 929.413879395
eeg 881.709472656 636.607421875 638.252380371 876.774536133
a nan nan nan nan
b nan nan nan nan
d nan nan nan nan
g nan nan nan nan
t nan nan nan nan
h 4.0 4.0 4.0 4.0
c 0.0
Aa 0.0 0.0 0.0 0.0
Ab 0.0 0.0 0.0 0.0
Ad 0.0 0.0 0.0 0.0
Ag 0.0 0.0 0.0 0.0
At 0.0 0.0 0.0 0.0
as 0.0 0.0 0.0 0.0
bs 0.0 0.0 0.0 0.0
ds 0.0 0.0 0.0 0.0
gs 0.0 0.0 0.0 0.0
ts 0.0 0.0 0.0 0.0
eeg 850.454833984 636.607421875 585.612976074 824.135131836
eeg 830.715087891 741.886108398 743.53112793 824.135131836
eeg 725.436340332 741.886108398 848.809875488 876.774536133
eeg 672.796936035 741.886108398 848.809875488 876.774536133
eeg 830.715087891 689.246765137 743.53112793 824.135131836
eeg 778.075683594 689.246765137 690.891723633 771.495788574
eeg 830.715087891 741.886108398 690.891723633 718.856384277
eeg 725.436340332 794.525512695 743.53112793 929.413879395
eeg 725.436340332 689.246765137 638.252380371 876.774536133
eeg 830.715087891 689.246765137 638.252380371 876.774536133
eeg 830.715087891 741.886108398 743.53112793 824.135131836
eeg 830.715087891 531.328674316 480.334259033 824.135131836
eeg 725.436340332 741.886108398 690.891723633 824.135131836
eeg 725.436340332 689.246765137 638.252380371 929.413879395
eeg 935.993835449 531.328674316 427.694885254 876.774536133
eeg 883.354431152 847.164855957 796.170471191 876.774536133
eeg 725.436340332 741.886108398 796.170471191 876.774536133
eeg 830.715087891 689.246765137 743.53112793 771.495788574
eeg 672.796936035 583.968017578 638.252380371 903.094238281
eeg 830.715087891 478.68927002 638.252380371 929.413879395
eeg 830.715087891 583.968017578 743.53112793 929.413879395
eeg 988.633178711 373.410552979 532.973632812 903.094238281
a nan nan nan nan
b nan nan nan nan
d nan nan nan nan
g nan nan nan nan
t nan nan nan nan
h 4.0 4.0 4.0 4.0
c 0.0
Aa 0.0 0.0 0.0 0.0
Ab 0.0 0.0 0.0 0.0
Ad 0.0 0.0 0.0 0.0
Ag 0.0 0.0 0.0 0.0
At 0.0 0.0 0.0 0.0
as 0.0 0.0 0.0 0.0
bs 0.0 0.0 0.0 0.0
ds 0.0 0.0 0.0 0.0
gs 0.0 0.0 0.0 0.0
ts 0.0 0.0 0.0 0.0
eeg 883.354431152 583.968017578 743.53112793 876.774536133
eeg 725.436340332 583.968017578 743.53112793 824.135131836
eeg 778.075683594 373.410552979 532.973632812 955.733581543
eeg 778.075683594 583.968017578 743.53112793 1087.33203125
eeg 883.354431152 583.968017578 743.53112793 1087.33203125
eeg 778.075683594 478.68927002 532.973632812 824.135131836
eeg 778.075683594 583.968017578 638.252380371 824.135131836
eeg 778.075683594 478.68927002 532.973632812 824.135131836
eeg 725.436340332 689.246765137 743.53112793 929.413879395
eeg 778.075683594 583.968017578 638.252380371 692.536743164
eeg 778.075683594 689.246765137 743.53112793 850.454833984
eeg 778.075683594 689.246765137 743.53112793 876.774536133
eeg 778.075683594 689.246765137 848.809875488 745.176086426
eeg 778.075683594 794.525512695 954.088623047 982.053283691
eeg 830.715087891 583.968017578 638.252380371 824.135131836
eeg 883.354431152 689.246765137 743.53112793 771.495788574
eeg 778.075683594 689.246765137 743.53112793 771.495788574
eeg 778.075683594 689.246765137 743.53112793 718.856384277
eeg 567.518188477 794.525512695 848.809875488 903.094238281
eeg 778.075683594 478.68927002 532.973632812 876.774536133
eeg 778.075683594 689.246765137 743.53112793 850.454833984
eeg 935.993835449 583.968017578 638.252380371 797.815490723
a nan nan nan nan
b nan nan nan nan
d nan nan nan nan
g nan nan nan nan
t nan nan nan nan
h 4.0 4.0 4.0 4.0
c 0.0
Aa 0.0 0.0 0.0 0.0
Ab 0.0 0.0 0.0 0.0
Ad 0.0 0.0 0.0 0.0
Ag 0.0 0.0 0.0 0.0
At 0.0 0.0 0.0 0.0
as 0.0 0.0 0.0 0.0
bs 0.0 0.0 0.0 0.0
ds 0.0 0.0 0.0 0.0
gs 0.0 0.0 0.0 0.0
ts 0.0 0.0 0.0 0.0
eeg 830.715087891 689.246765137 638.252380371 771.495788574
eeg 672.796936035 794.525512695 848.809875488 771.495788574
eeg 778.075683594 583.968017578 638.252380371 876.774536133
eeg 778.075683594 689.246765137 743.53112793 850.454833984
eeg 883.354431152 689.246765137 638.252380371 824.135131836
eeg 672.796936035 794.525512695 743.53112793 824.135131836
eeg 778.075683594 689.246765137 690.891723633 771.495788574
eeg 778.075683594 636.607421875 585.612976074 771.495788574
eeg 883.354431152 741.886108398 690.891723633 916.25402832
eeg 830.715087891 741.886108398 690.891723633 824.135131836
eeg 830.715087891 741.886108398 743.53112793 824.135131836
eeg 830.715087891 741.886108398 743.53112793 810.975280762
eeg 883.354431152 531.328674316 532.973632812 751.75604248
eeg 883.354431152 794.525512695 848.809875488 857.034729004
eeg 883.354431152 583.968017578 638.252380371 863.614685059
eeg 935.993835449 689.246765137 690.891723633 804.395385742
eeg 883.354431152 689.246765137 690.891723633 804.395385742
eeg 883.354431152 689.246765137 690.891723633 764.91583252
eeg 778.075683594 689.246765137 690.891723633 870.194580078
eeg 830.715087891 636.607421875 638.252380371 909.674133301
eeg 830.715087891 741.886108398 690.891723633 817.555236816
eeg 988.633178711 531.328674316 480.334259033 817.555236816
a nan nan nan nan
b nan nan nan nan
d nan nan nan nan
g nan nan nan nan
t nan nan nan nan
h 4.0 4.0 4.0 4.0
c 0.0
Aa 0.0 0.0 0.0 0.0
Ab 0.0 0.0 0.0 0.0
Ad 0.0 0.0 0.0 0.0
Ag 0.0 0.0 0.0 0.0
At 0.0 0.0 0.0 0.0
as 0.0 0.0 0.0 0.0
bs 0.0 0.0 0.0 0.0
ds 0.0 0.0 0.0 0.0
gs 0.0 0.0 0.0 0.0
ts 0.0 0.0 0.0 0.0
eeg 883.354431152 847.164855957 796.170471191 870.194580078
eeg 830.715087891 952.443603516 901.44921875 922.833984375
eeg 830.715087891 741.886108398 690.891723633 1028.1126709
eeg 830.715087891 1057.72241211 1006.72796631 1133.39147949
eeg 883.354431152 847.164855957 796.170471191 1028.1126709
eeg 883.354431152 847.164855957 796.170471191 1080.7520752
eeg 830.715087891 847.164855957 796.170471191 1028.1126709
eeg 830.715087891 847.164855957 796.170471191 1080.7520752
eeg 830.715087891 741.886108398 690.891723633 1080.7520752
eeg 935.993835449 741.886108398 585.612976074 922.833984375
eeg 988.633178711 847.164855957 690.891723633 922.833984375
eeg 935.993835449 847.164855957 690.891723633 1028.1126709
eeg 725.436340332 952.443603516 901.44921875 870.194580078
eeg 830.715087891 741.886108398 690.891723633 1028.1126709
eeg 883.354431152 741.886108398 690.891723633 1028.1126709
eeg 935.993835449 847.164855957 901.44921875 1186.03088379
eeg 909.674133301 531.328674316 690.891723633 870.194580078
eeg 804.395385742 847.164855957 901.44921875 870.194580078
eeg 857.034729004 636.607421875 690.891723633 870.194580078
eeg 857.034729004 636.607421875 690.891723633 870.194580078
eeg 857.034729004 636.607421875 796.170471191 975.473327637
eeg 935.993835449 531.328674316 690.891723633 764.91583252
a nan nan nan nan
b nan nan nan nan
d nan nan nan nan
g nan nan nan nan
t nan nan nan nan
h 4.0 4.0 4.0 4.0
c 0.0
Aa 0.0 0.0 0.0 0.0
Ab 0.0 0.0 0.0 0.0
Ad 0.0 0.0 0.0 0.0
Ag 0.0 0.0 0.0 0.0
At 0.0 0.0 0.0 0.0
as 0.0 0.0 0.0 0.0
bs 0.0 0.0 0.0 0.0
ds 0.0 0.0 0.0 0.0
gs 0.0 0.0 0.0 0.0
ts 0.0 0.0 0.0 0.0
eeg 830.715087891 636.607421875 796.170471191 975.473327637
eeg 830.715087891 531.328674316 690.891723633 870.194580078
eeg 830.715087891 741.886108398 1006.72796631 1080.7520752
eeg 830.715087891 531.328674316 796.170471191 975.473327637
eeg 909.674133301 636.607421875 796.170471191 870.194580078
eeg 778.075683594 636.607421875 796.170471191 870.194580078
eeg 778.075683594 531.328674316 585.612976074 870.194580078
eeg 857.034729004 741.886108398 796.170471191 1080.7520752
eeg 830.715087891 741.886108398 796.170471191 975.473327637
eeg 672.796936035 741.886108398 796.170471191 870.194580078
eeg 988.633178711 741.886108398 901.44921875 791.235534668
eeg 883.354431152 741.886108398 901.44921875 764.91583252
eeg 883.354431152 952.443603516 1112.00671387 817.555236816
eeg 883.354431152 847.164855957 1006.72796631 949.153686523
eeg 988.633178711 847.164855957 1006.72796631 949.153686523
eeg 988.633178711 847.164855957 1006.72796631 949.153686523
eeg 883.354431152 847.164855957 901.44921875 817.555236816
eeg 883.354431152 952.443603516 1112.00671387 870.194580078
eeg 778.075683594 741.886108398 901.44921875 870.194580078
eeg 988.633178711 741.886108398 901.44921875 896.514282227
eeg 883.354431152 847.164855957 1006.72796631 896.514282227
eeg 988.633178711 636.607421875 796.170471191 791.235534668
a nan nan nan nan
b nan nan nan nan
d nan nan nan nan
g nan nan nan nan
t nan nan nan nan
h 4.0 4.0 4.0 4.0
c 0.0
Aa 0.0 0.0 0.0 0.0
Ab 0.0 0.0 0.0 0.0
Ad 0.0 0.0 0.0 0.0
Ag 0.0 0.0 0.0 0.0
At 0.0 0.0 0.0 0.0
as 0.0 0.0 0.0 0.0
bs 0.0 0.0 0.0 0.0
ds 0.0 0.0 0.0 0.0
gs 0.0 0.0 0.0 0.0
ts 0.0 0.0 0.0 0.0
eeg 883.354431152 741.886108398 901.44921875 870.194580078
eeg 778.075683594 741.886108398 901.44921875 843.874938965
eeg 883.354431152 531.328674316 585.612976074 870.194580078
eeg 883.354431152 741.886108398 796.170471191 949.153686523
eeg 893.224304199 763.270874023 835.650024414 1056.07739258
eeg 682.666870117 552.713378906 730.371276855 766.560852051
eeg 735.306213379 657.992126465 835.650024414 904.739196777
eeg 787.945556641 552.713378906 625.092529297 904.739196777
eeg 840.584960938 763.270874023 835.650024414 878.419494629
eeg 682.666870117 657.992126465 835.650024414 884.999450684
eeg 735.306213379 657.992126465 835.650024414 773.14074707
eeg 524.748718262 763.270874023 940.928771973 884.999450684
eeg 682.666870117 552.713378906 625.092529297 845.519897461
eeg 682.666870117 763.270874023 835.650024414 950.79864502
eeg 840.584960938 552.713378906 625.092529297 917.899047852
eeg 840.584960938 763.270874023 835.650024414 852.09979248
eeg 682.666870117 763.270874023 835.650024414 806.040344238
eeg 735.306213379 763.270874023 835.650024414 891.579345703
eeg 735.306213379 763.270874023 835.650024414 911.319091797
eeg 840.584960938 763.270874023 835.650024414 898.159240723
eeg 682.666870117 763.270874023 835.650024414 858.679748535
eeg 787.945556641 710.631530762 835.650024414 753.401000977
a nan nan nan nan
b nan nan nan nan
d nan nan nan nan
g nan nan nan nan
t nan nan nan nan
h 4.0 4.0 4.0 4.0
c 0.0
Aa 0.0 0.0 0.0 0.0
Ab 0.0 0.0 0.0 0.0
Ad 0.0 0.0 0.0 0.0
Ag 0.0 0.0 0.0 0.0
At 0.0 0.0 0.0 0.0
as 0.0 0.0 0.0 0.0
bs 0.0 0.0 0.0 0.0
ds 0.0 0.0 0.0 0.0
gs 0.0 0.0 0.0 0.0
ts 0.0 0.0 0.0 0.0
eeg 630.02746582 736.951171875 835.650024414 858.679748535
eeg 787.945556641 552.713378906 625.092529297 753.401000977
eeg 787.945556641 684.311828613 677.731872559 806.040344238
eeg 787.945556641 710.631530762 783.010620117 753.401000977
eeg 893.224304199 631.672424316 677.731872559 753.401000977
eeg 787.945556641 657.992126465 677.731872559 753.401000977
eeg 787.945556641 736.951171875 730.371276855 806.040344238
eeg 787.945556641 526.393737793 519.813781738 806.040344238
eeg 840.584960938 736.951171875 677.731872559 806.040344238
eeg 735.306213379 710.631530762 730.371276855 806.040344238
eeg 840.584960938 684.311828613 730.371276855 700.76159668
eeg 682.666870117 684.311828613 677.731872559 1016.59783936
eeg 682.666870117 657.992126465 625.092529297 858.679748535
eeg 787.945556641 684.311828613 625.092529297 911.319091797
eeg 893.224304199 605.352783203 572.453186035 911.319091797
eeg 893.224304199 710.631530762 888.289367676 857.034729004
eeg 893.224304199 710.631530762 888.289367676 871.839599609
eeg 893.224304199 552.713378906 677.731872559 952.443603516
eeg 945.863708496 657.992126465 677.731872559 935.993835449
eeg 998.503051758 763.270874023 783.010620117 889.934387207
eeg 893.224304199 657.992126465 677.731872559 896.514282227
eeg 945.863708496 710.631530762 677.731872559 774.785766602
a nan nan nan nan
b nan nan nan nan
d nan nan nan nan
g nan nan nan nan
t nan nan nan nan
h 4.0 4.0 4.0 4.0
c 0.0
Aa 0.0 0.0 0.0 0.0
Ab 0.0 0.0 0.0 0.0
Ad 0.0 0.0 0.0 0.0
Ag 0.0 0.0 0.0 0.0
At 0.0 0.0 0.0 0.0
as 0.0 0.0 0.0 0.0
bs 0.0 0.0 0.0 0.0
ds 0.0 0.0 0.0 0.0
gs 0.0 0.0 0.0 0.0
ts 0.0 0.0 0.0 0.0
eeg 735.306213379 763.270874023 783.010620117 998.503051758
eeg 893.224304199 447.434661865 361.8956604 889.934387207
eeg 998.503051758 763.270874023 572.453186035 893.224304199
eeg 945.863708496 763.270874023 572.453186035 881.709472656
eeg 945.863708496 815.91027832 677.731872559 866.904663086
eeg 787.945556641 763.270874023 677.731872559 832.360046387
eeg 787.945556641 657.992126465 572.453186035 960.668518066
eeg 893.224304199 657.992126465 572.453186035 937.638793945
eeg 893.224304199 815.91027832 783.010620117 886.64440918
eeg 735.306213379 763.270874023 677.731872559 834.005004883
eeg 814.265258789 605.352783203 572.453186035 676.086914062
eeg 784.655639648 552.713378906 572.453186035 886.64440918
eeg 728.726318359 657.992126465 677.731872559 834.005004883
eeg 817.555236816 605.352783203 677.731872559 886.64440918
eeg 807.68536377 657.992126465 783.010620117 834.005004883
eeg 814.265258789 605.352783203 783.010620117 834.005004883
eeg 781.365661621 500.074035645 677.731872559 834.005004883
eeg 778.075683594 657.992126465 783.010620117 939.283752441
eeg 873.484558105 500.074035645 572.453186035 939.283752441
eeg 909.674133301 763.270874023 783.010620117 886.64440918
eeg 939.283752441 605.352783203 677.731872559 834.005004883
eeg 830.715087891 763.270874023 783.010620117 781.365661621
a nan nan nan nan
b nan nan nan nan
d nan nan nan nan
g nan nan nan nan
t nan nan nan nan
h 4.0 4.0 4.0 4.0
c 0.0
Aa 0.0 0.0 0.0 0.0
Ab 0.0 0.0 0.0 0.0
Ad 0.0 0.0 0.0 0.0
Ag 0.0 0.0 0.0 0.0
At 0.0 0.0 0.0 0.0
as 0.0 0.0 0.0 0.0
bs 0.0 0.0 0.0 0.0
ds 0.0 0.0 0.0 0.0
gs 0.0 0.0 0.0 0.0
ts 0.0 0.0 0.0 0.0
eeg 817.555236816 710.631530762 783.010620117 939.283752441
eeg 738.596191406 710.631530762 783.010620117 939.283752441
eeg 791.235534668 815.91027832 888.289367676 991.923156738
eeg 896.514282227 500.074035645 677.731872559 834.005004883
eeg 791.235534668 605.352783203 783.010620117 886.64440918
eeg 738.596191406 605.352783203 783.010620117 834.005004883
eeg 738.596191406 605.352783203 677.731872559 939.283752441
eeg 580.678039551 710.631530762 888.289367676 939.283752441
eeg 896.514282227 500.074035645 572.453186035 939.283752441
eeg 791.235534668 605.352783203 572.453186035 781.365661621
eeg 843.874938965 605.352783203 572.453186035 728.726318359
eeg 896.514282227 500.074035645 467.174407959 886.64440918
eeg 791.235534668 815.91027832 783.010620117 834.005004883
eeg 791.235534668 605.352783203 572.453186035 834.005004883
eeg 896.514282227 605.352783203 572.453186035 781.365661621
eeg 791.235534668 605.352783203 467.174407959 781.365661621
eeg 738.596191406 710.631530762 677.731872559 781.365661621
eeg 791.235534668 605.352783203 677.731872559 939.283752441
eeg 843.874938965 605.352783203 677.731872559 939.283752441
eeg 949.153686523 657.992126465 783.010620117 834.005004883
eeg 896.514282227 552.713378906 677.731872559 781.365661621
eeg 843.874938965 605.352783203 677.731872559 728.726318359
a nan nan nan nan
b nan nan nan nan
d nan nan nan nan
g nan nan nan nan
t nan nan nan nan
h 4.0 4.0 4.0 4.0
c 0.0
Aa 0.0 0.0 0.0 0.0
Ab 0.0 0.0 0.0 0.0
Ad 0.0 0.0 0.0 0.0
Ag 0.0 0.0 0.0 0.0
At 0.0 0.0 0.0 0.0
as 0.0 0.0 0.0 0.0
bs 0.0 0.0 0.0 0.0
ds 0.0 0.0 0.0 0.0
gs 0.0 0.0 0.0 0.0
ts 0.0 0.0 0.0 0.0
eeg 791.235534668 710.631530762 888.289367676 991.923156738
eeg 791.235534668 447.434661865 677.731872559 886.64440918
eeg 738.596191406 605.352783203 783.010620117 886.64440918
eeg 843.874938965 605.352783203 783.010620117 834.005004883
eeg 791.235534668 605.352783203 783.010620117 939.283752441
eeg 791.235534668 552.713378906 677.731872559 834.005004883
eeg 791.235534668 710.631530762 888.289367676 991.923156738
eeg 843.874938965 447.434661865 572.453186035 939.283752441
eeg 896.514282227 710.631530762 783.010620117 834.005004883
eeg 738.596191406 657.992126465 783.010620117 886.64440918
eeg 791.235534668 605.352783203 677.731872559 834.005004883
eeg 633.317443848 710.631530762 783.010620117 991.923156738
eeg 791.235534668 605.352783203 677.731872559 939.283752441
eeg 685.956787109 657.992126465 572.453186035 886.64440918
eeg 791.235534668 657.992126465 572.453186035 834.005004883
eeg 633.317443848 657.992126465 572.453186035 860.324707031
eeg 580.678039551 763.270874023 783.010620117 834.005004883
eeg 633.317443848 605.352783203 677.731872559 965.60345459
eeg 528.038696289 763.270874023 888.289367676 1018.24285889
eeg 791.235534668 605.352783203 783.010620117 965.60345459
eeg 791.235534668 500.074035645 572.453186035 834.005004883
eeg 738.596191406 763.270874023 783.010620117 834.005004883
a nan nan nan nan
b nan nan nan nan
d nan nan nan nan
g nan nan nan nan
t nan nan nan nan
h 4.0 4.0 4.0 4.0
c 0.0
Aa 0.0 0.0 0.0 0.0
Ab 0.0 0.0 0.0 0.0
Ad 0.0 0.0 0.0 0.0
Ag 0.0 0.0 0.0 0.0
At 0.0 0.0 0.0 0.0
as 0.0 0.0 0.0 0.0
bs 0.0 0.0 0.0 0.0
ds 0.0 0.0 0.0 0.0
gs 0.0 0.0 0.0 0.0
ts 0.0 0.0 0.0 0.0
eeg 738.596191406 710.631530762 783.010620117 886.64440918
eeg 738.596191406 763.270874023 888.289367676 912.964111328
eeg 633.317443848 763.270874023 888.289367676 991.923156738
eeg 896.514282227 552.713378906 677.731872559 807.68536377
eeg 738.596191406 605.352783203 677.731872559 807.68536377
eeg 685.956787109 763.270874023 783.010620117 807.68536377
eeg 791.235534668 710.631530762 783.010620117 939.283752441
eeg 896.514282227 552.713378906 572.453186035 991.923156738
eeg 949.153686523 657.992126465 677.731872559 939.283752441
eeg 843.874938965 605.352783203 677.731872559 939.283752441
eeg 896.514282227 500.074035645 572.453186035 886.64440918
eeg 896.514282227 500.074035645 572.453186035 991.923156738
eeg 896.514282227 605.352783203 677.731872559 991.923156738
eeg 843.874938965 500.074035645 572.453186035 939.283752441
eeg 896.514282227 605.352783203 677.731872559 886.64440918
eeg 738.596191406 605.352783203 677.731872559 1044.5625
eeg 843.874938965 394.795288086 361.8956604 886.64440918
eeg 843.874938965 657.992126465 572.453186035 939.283752441
eeg 791.235534668 657.992126465 677.731872559 991.923156738
eeg 896.514282227 657.992126465 677.731872559 834.005004883
eeg 738.596191406 657.992126465 677.731872559 834.005004883
eeg 791.235534668 605.352783203 572.453186035 834.005004883
a nan nan nan nan
b nan nan nan nan
d nan nan nan nan
g nan nan nan nan
t nan nan nan nan
h 4.0 4.0 4.0 4.0
c 0.0
Aa 0.0 0.0 0.0 0.0
Ab 0.0 0.0 0.0 0.0
Ad 0.0 0.0 0.0 0.0
Ag 0.0 0.0 0.0 0.0
At 0.0 0.0 0.0 0.0
as 0.0 0.0 0.0 0.0
bs 0.0 0.0 0.0 0.0
ds 0.0 0.0 0.0 0.0
gs 0.0 0.0 0.0 0.0
ts 0.0 0.0 0.0 0.0
eeg 791.235534668 605.352783203 572.453186035 834.005004883
eeg 838.940002441 791.235534668 781.365661621 921.188964844
eeg 838.940002441 685.956787109 728.726318359 868.549621582
eeg 996.858093262 633.317443848 623.447570801 763.270874023
eeg 838.940002441 633.317443848 518.168823242 815.91027832
eeg 838.940002441 738.596191406 623.447570801 763.270874023
eeg 891.579345703 738.596191406 623.447570801 868.549621582
eeg 786.300598145 896.514282227 834.005004883 921.188964844
eeg 996.858093262 633.317443848 518.168823242 868.549621582
eeg 838.940002441 633.317443848 518.168823242 815.91027832
eeg 891.579345703 685.956787109 570.808166504 815.91027832
eeg 891.579345703 580.678039551 465.529449463 868.549621582
eeg 891.579345703 738.596191406 623.447570801 868.549621582
eeg 891.579345703 685.956787109 623.447570801 868.549621582
eeg 944.218688965 580.678039551 465.529449463 763.270874023
eeg 838.940002441 738.596191406 676.086914062 815.91027832
eeg 838.940002441 685.956787109 676.086914062 815.91027832
eeg 891.579345703 633.317443848 623.447570801 815.91027832
eeg 865.259643555 791.235534668 834.005004883 947.508666992
eeg 917.899047852 580.678039551 623.447570801 815.91027832
eeg 786.300598145 738.596191406 728.726318359 842.229919434
eeg 812.620300293 633.317443848 623.447570801 842.229919434
a nan nan nan nan
b nan nan nan nan
d nan nan nan nan
g nan nan nan nan
t nan nan nan nan
h 4.0 4.0 4.0 4.0
c 0.0
Aa 0.0 0.0 0.0 0.0
Ab 0.0 0.0 0.0 0.0
Ad 0.0 0.0 0.0 0.0
Ag 0.0 0.0 0.0 0.0
At 0.0 0.0 0.0 0.0
as 0.0 0.0 0.0 0.0
bs 0.0 0.0 0.0 0.0
ds 0.0 0.0 0.0 0.0
gs 0.0 0.0 0.0 0.0
ts 0.0 0.0 0.0 0.0
eeg 838.940002441 738.596191406 728.726318359 1000.14807129
eeg 865.259643555 580.678039551 518.168823242 973.828369141
eeg 838.940002441 685.956787109 623.447570801 921.188964844
eeg 917.899047852 633.317443848 623.447570801 842.229919434
eeg 733.661254883 633.317443848 623.447570801 894.86932373
eeg 759.980895996 633.317443848 623.447570801 894.86932373
eeg 838.940002441 633.317443848 623.447570801 947.508666992
eeg 917.899047852 580.678039551 623.447570801 947.508666992
eeg 917.899047852 791.235534668 834.005004883 815.91027832
eeg 759.980895996 738.596191406 834.005004883 815.91027832
eeg 759.980895996 633.317443848 728.726318359 842.229919434
eeg 812.620300293 685.956787109 728.726318359 815.91027832
eeg 917.899047852 580.678039551 623.447570801 921.188964844
eeg 970.538391113 475.39932251 518.168823242 815.91027832
eeg 865.259643555 580.678039551 623.447570801 815.91027832
eeg 707.341552734 475.39932251 623.447570801 868.549621582
eeg 707.341552734 370.120574951 518.168823242 868.549621582
eeg 707.341552734 580.678039551 728.726318359 868.549621582
eeg 759.980895996 475.39932251 623.447570801 921.188964844
eeg 812.620300293 475.39932251 623.447570801 868.549621582
eeg 707.341552734 475.39932251 623.447570801 815.91027832
eeg 707.341552734 580.678039551 728.726318359 868.549621582
a nan nan nan nan
b nan nan nan nan
d nan nan nan nan
g nan nan nan nan
t nan nan nan nan
h 4.0 4.0 4.0 4.0
c 0.0
Aa 0.0 0.0 0.0 0.0
Ab 0.0 0.0 0.0 0.0
Ad 0.0 0.0 0.0 0.0
Ag 0.0 0.0 0.0 0.0
At 0.0 0.0 0.0 0.0
as 0.0 0.0 0.0 0.0
bs 0.0 0.0 0.0 0.0
ds 0.0 0.0 0.0 0.0
gs 0.0 0.0 0.0 0.0
ts 0.0 0.0 0.0 0.0
eeg 812.620300293 370.120574951 518.168823242 815.91027832
eeg 812.620300293 685.956787109 834.005004883 921.188964844
eeg 759.980895996 580.678039551 834.005004883 921.188964844
eeg 865.259643555 475.39932251 623.447570801 815.91027832
eeg 759.980895996 685.956787109 834.005004883 815.91027832
eeg 707.341552734 685.956787109 834.005004883 815.91027832
eeg 843.874938965 685.956787109 834.005004883 868.549621582
eeg 896.514282227 633.317443848 781.365661621 868.549621582
eeg 881.709472656 633.317443848 781.365661621 763.270874023
eeg 783.010620117 685.956787109 834.005004883 763.270874023
eeg 755.045959473 633.317443848 781.365661621 815.91027832
eeg 764.91583252 791.235534668 991.923156738 973.828369141
eeg 893.224304199 528.038696289 623.447570801 921.188964844
eeg 876.774536133 685.956787109 781.365661621 868.549621582
eeg 883.354431152 685.956787109 781.365661621 815.91027832
eeg 863.614685059 580.678039551 570.808166504 868.549621582
eeg 702.406616211 896.514282227 886.64440918 868.549621582
eeg 843.874938965 685.956787109 676.086914062 921.188964844
eeg 904.739196777 685.956787109 676.086914062 921.188964844
eeg 873.484558105 738.596191406 676.086914062 868.549621582
eeg 750.111022949 738.596191406 728.726318359 815.91027832
eeg 751.75604248 633.317443848 623.447570801 868.549621582
a nan nan nan nan
b nan nan nan nan
d nan nan nan nan
g nan nan nan nan
t nan nan nan nan
h 4.0 4.0 4.0 4.0
c 0.0
Aa 0.0 0.0 0.0 0.0
Ab 0.0 0.0 0.0 0.0
Ad 0.0 0.0 0.0 0.0
Ag 0.0 0.0 0.0 0.0
At 0.0 0.0 0.0 0.0
as 0.0 0.0 0.0 0.0
bs 0.0 0.0 0.0 0.0
ds 0.0 0.0 0.0 0.0
gs 0.0 0.0 0.0 0.0
ts 0.0 0.0 0.0 0.0
eeg 857.034729004 738.596191406 518.168823242 868.549621582
eeg 962.313476562 791.235534668 623.447570801 815.91027832
eeg 909.674133301 685.956787109 518.168823242 763.270874023
eeg 962.313476562 685.956787109 518.168823242 710.631530762
eeg 909.674133301 738.596191406 623.447570801 815.91027832
eeg 857.034729004 738.596191406 623.447570801 815.91027832
eeg 909.674133301 738.596191406 623.447570801 815.91027832
eeg 909.674133301 843.874938965 834.005004883 815.91027832
eeg 909.674133301 738.596191406 728.726318359 815.91027832
eeg 909.674133301 580.678039551 518.168823242 710.631530762
eeg 804.395385742 791.235534668 623.447570801 815.91027832
eeg 804.395385742 791.235534668 728.726318359 868.549621582
eeg 909.674133301 738.596191406 728.726318359 868.549621582
eeg 751.75604248 791.235534668 834.005004883 868.549621582
eeg 857.034729004 580.678039551 623.447570801 763.270874023
eeg 804.395385742 685.956787109 623.447570801 921.188964844
eeg 699.116638184 580.678039551 623.447570801 868.549621582
eeg 699.116638184 580.678039551 623.447570801 815.91027832
eeg 699.116638184 580.678039551 623.447570801 815.91027832
eeg 751.75604248 475.39932251 518.168823242 1026.46777344
eeg 751.75604248 370.120574951 307.611328125 710.631530762
eeg 751.75604248 685.956787109 728.726318359 868.549621582
a nan nan nan nan
b nan nan nan nan
d nan nan nan nan
g nan nan nan nan
t nan nan nan nan
h 4.0 4.0 4.0 4.0
c 0.0
Aa 0.0 0.0 0.0 0.0
Ab 0.0 0.0 0.0 0.0
Ad 0.0 0.0 0.0 0.0
Ag 0.0 0.0 0.0 0.0
At 0.0 0.0 0.0 0.0
as 0.0 0.0 0.0 0.0
bs 0.0 0.0 0.0 0.0
ds 0.0 0.0 0.0 0.0
gs 0.0 0.0 0.0 0.0
ts 0.0 0.0 0.0 0.0
eeg 699.116638184 580.678039551 728.726318359 868.549621582
eeg 857.034729004 475.39932251 623.447570801 815.91027832
eeg 751.75604248 685.956787109 834.005004883 868.549621582
eeg 857.034729004 475.39932251 518.168823242 763.270874023
eeg 857.034729004 580.678039551 623.447570801 815.91027832
eeg 751.75604248 685.956787109 834.005004883 815.91027832
eeg 804.395385742 475.39932251 623.447570801 868.549621582
eeg 909.674133301 475.39932251 518.168823242 815.91027832
eeg 804.395385742 685.956787109 728.726318359 815.91027832
eeg 804.395385742 580.678039551 623.447570801 710.631530762
eeg 804.395385742 685.956787109 728.726318359 815.91027832
eeg 699.116638184 791.235534668 991.923156738 868.549621582
eeg 909.674133301 422.75994873 570.808166504 815.91027832
eeg 804.395385742 685.956787109 834.005004883 815.91027832
eeg 804.395385742 633.317443848 781.365661621 710.631530762
eeg 593.837890625 633.317443848 781.365661621 815.91027832
eeg 699.116638184 580.678039551 676.086914062 815.91027832
eeg 699.116638184 791.235534668 939.283752441 815.91027832
eeg 909.674133301 475.39932251 570.808166504 763.270874023
eeg 804.395385742 738.596191406 834.005004883 763.270874023
eeg 699.116638184 738.596191406 886.64440918 710.631530762
eeg 804.395385742 580.678039551 676.086914062 868.549621582
a nan nan nan nan
b nan nan nan nan
d nan nan nan nan
g nan nan nan nan
t nan nan nan nan
h 4.0 4.0 4.0 4.0
c 0.0
Aa 0.0 0.0 0.0 0.0
Ab 0.0 0.0 0.0 0.0
Ad 0.0 0.0 0.0 0.0
Ag 0.0 0.0 0.0 0.0
At 0.0 0.0 0.0 0.0
as 0.0 0.0 0.0 0.0
bs 0.0 0.0 0.0 0.0
ds 0.0 0.0 0.0 0.0
gs 0.0 0.0 0.0 0.0
ts 0.0 0.0 0.0 0.0
eeg 804.395385742 633.317443848 676.086914062 868.549621582
eeg 909.674133301 685.956787109 728.726318359 815.91027832
eeg 804.395385742 685.956787109 728.726318359 815.91027832
eeg 804.395385742 633.317443848 676.086914062 763.270874023
eeg 751.75604248 633.317443848 570.808166504 921.188964844
eeg 699.116638184 738.596191406 570.808166504 921.188964844
eeg 804.395385742 580.678039551 465.529449463 921.188964844
eeg 646.477294922 896.514282227 886.64440918 921.188964844
eeg 646.477294922 633.317443848 676.086914062 921.188964844
eeg 593.837890625 685.956787109 676.086914062 868.549621582
eeg 593.837890625 738.596191406 676.086914062 1026.46777344
eeg 541.198547363 738.596191406 676.086914062 1079.10705566
eeg 751.75604248 633.317443848 570.808166504 1026.46777344
eeg 699.116638184 580.678039551 465.529449463 868.549621582
eeg 699.116638184 843.874938965 676.086914062 868.549621582
eeg 699.116638184 791.235534668 676.086914062 921.188964844
eeg 699.116638184 843.874938965 781.365661621 973.828369141
eeg 646.477294922 685.956787109 676.086914062 973.828369141
eeg 909.674133301 580.678039551 570.808166504 868.549621582
eeg 751.75604248 791.235534668 781.365661621 868.549621582
eeg 692.536743164 792.880554199 838.940002441 778.075683594
eeg 797.815490723 634.962402344 733.661254883 935.993835449
a nan nan nan nan
b nan nan nan nan
d nan nan nan nan
g nan nan nan nan
t nan nan nan nan
h 4.0 4.0 4.0 4.0
c 0.0
Aa 0.0 0.0 0.0 0.0
Ab 0.0 0.0 0.0 0.0
Ad 0.0 0.0 0.0 0.0
Ag 0.0 0.0 0.0 0.0
At 0.0 0.0 0.0 0.0
as 0.0 0.0 0.0 0.0
bs 0.0 0.0 0.0 0.0
ds 0.0 0.0 0.0 0.0
gs 0.0 0.0 0.0 0.0
ts 0.0 0.0 0.0 0.0
eeg 903.094238281 529.683654785 523.103759766 935.993835449
eeg 903.094238281 687.601806641 733.661254883 883.354431152
eeg 745.176086426 582.323059082 733.661254883 883.354431152
eeg 745.176086426 634.962402344 838.940002441 830.715087891
eeg 587.257995605 634.962402344 838.940002441 883.354431152
eeg 745.176086426 371.765563965 523.103759766 935.993835449
eeg 850.454833984 582.323059082 628.382507324 830.715087891
eeg 797.815490723 634.962402344 733.661254883 830.715087891
eeg 797.815490723 582.323059082 733.661254883 830.715087891
eeg 639.897338867 740.241149902 838.940002441 778.075683594
eeg 692.536743164 634.962402344 733.661254883 935.993835449
eeg 850.454833984 477.044311523 523.103759766 883.354431152
eeg 850.454833984 740.241149902 733.661254883 830.715087891
eeg 745.176086426 740.241149902 733.661254883 883.354431152
eeg 745.176086426 634.962402344 628.382507324 778.075683594
eeg 771.495788574 687.601806641 628.382507324 935.993835449
eeg 771.495788574 792.880554199 838.940002441 988.633178711
eeg 771.495788574 740.241149902 838.940002441 988.633178711
eeg 718.856384277 792.880554199 891.579345703 883.354431152
eeg 692.536743164 740.241149902 838.940002441 1041.27258301
eeg 797.815490723 477.044311523 470.464385986 830.715087891
eeg 771.495788574 740.241149902 681.021850586 935.993835449
a nan nan nan nan
b nan nan nan nan
d nan nan nan nan
g nan nan nan nan
t nan nan nan nan
h 4.0 4.0 4.0 4.0
c 0.0
Aa 0.0 0.0 0.0 0.0
Ab 0.0 0.0 0.0 0.0
Ad 0.0 0.0 0.0 0.0
Ag 0.0 0.0 0.0 0.0
At 0.0 0.0 0.0 0.0
as 0.0 0.0 0.0 0.0
bs 0.0 0.0 0.0 0.0
ds 0.0 0.0 0.0 0.0
gs 0.0 0.0 0.0 0.0
ts 0.0 0.0 0.0 0.0
eeg 745.176086426 792.880554199 838.940002441 988.633178711
eeg 876.774536133 687.601806641 733.661254883 830.715087891
eeg 797.815490723 687.601806641 733.661254883 883.354431152
eeg 797.815490723 687.601806641 733.661254883 830.715087891
eeg 666.217041016 740.241149902 838.940002441 935.993835449
eeg 771.495788574 582.323059082 628.382507324 935.993835449
eeg 876.774536133 687.601806641 681.021850586 725.436340332
eeg 850.454833984 687.601806641 681.021850586 830.715087891
eeg 797.815490723 687.601806641 681.021850586 830.715087891
