eeg 745.176086426 792.880554199 786.300598145 804.395385742
eeg 745.176086426 792.880554199 786.300598145 1041.27258301
eeg 955.733581543 582.323059082 470.464385986 883.354431152
eeg 903.094238281 792.880554199 681.021850586 883.354431152
eeg 745.176086426 792.880554199 786.300598145 857.034729004
eeg 745.176086426 582.323059082 681.021850586 830.715087891
eeg 692.536743164 687.601806641 786.300598145 935.993835449
eeg 797.815490723 477.044311523 575.743103027 935.993835449
eeg 745.176086426 687.601806641 786.300598145 935.993835449
eeg 955.733581543 371.765563965 470.464385986 804.395385742
eeg 850.454833984 687.601806641 786.300598145 909.674133301
eeg 692.536743164 687.601806641 786.300598145 830.715087891
eeg 797.815490723 582.323059082 575.743103027 988.633178711
a nan nan nan nan
b nan nan nan nan
d nan nan nan nan
g nan nan nan nan
t nan nan nan nan
h 4.0 4.0 4.0 4.0
c 0.0
Aa 0.0 0.0 0.0 0.0
Ab 0.0 0.0 0.0 0.0
Ad 0.0 0.0 0.0 0.0
Ag 0.0 0.0 0.0 0.0
At 0.0 0.0 0.0 0.0
as 0.0 0.0 0.0 0.0
bs 0.0 0.0 0.0 0.0
ds 0.0 0.0 0.0 0.0
gs 0.0 0.0 0.0 0.0
ts 0.0 0.0 0.0 0.0
eeg 850.454833984 582.323059082 575.743103027 962.313476562
eeg 903.094238281 687.601806641 786.300598145 909.674133301
eeg 639.897338867 687.601806641 786.300598145 857.034729004
eeg 745.176086426 582.323059082 681.021850586 804.395385742
eeg 850.454833984 477.044311523 575.743103027 909.674133301
eeg 850.454833984 582.323059082 786.300598145 909.674133301
eeg 850.454833984 477.044311523 681.021850586 830.715087891
eeg 797.815490723 687.601806641 891.579345703 804.395385742
eeg 692.536743164 582.323059082 786.300598145 988.633178711
eeg 745.176086426 477.044311523 575.743103027 804.395385742
eeg 639.897338867 792.880554199 891.579345703 935.993835449
eeg 955.733581543 371.765563965 470.464385986 935.993835449
eeg 850.454833984 792.880554199 891.579345703 857.034729004
eeg 692.536743164 687.601806641 786.300598145 830.715087891
eeg 797.815490723 687.601806641 681.021850586 830.715087891
eeg 797.815490723 687.601806641 681.021850586 883.354431152
eeg 850.454833984 792.880554199 786.300598145 883.354431152
eeg 850.454833984 687.601806641 681.021850586 883.354431152
eeg 903.094238281 687.601806641 681.021850586 778.075683594
eeg 705.696594238 792.880554199 786.300598145 830.715087891
eeg 692.536743164 740.241149902 838.940002441 778.075683594
eeg 712.276489258 792.880554199 891.579345703 909.674133301
a nan nan nan nan
b nan nan nan nan
d nan nan nan nan
g nan nan nan nan
t nan nan nan nan
h 4.0 4.0 4.0 4.0
c 0.0
Aa 0.0 0.0 0.0 0.0
Ab 0.0 0.0 0.0 0.0
Ad 0.0 0.0 0.0 0.0
Ag 0.0 0.0 0.0 0.0
At 0.0 0.0 0.0 0.0
as 0.0 0.0 0.0 0.0
bs 0.0 0.0 0.0 0.0
ds 0.0 0.0 0.0 0.0
gs 0.0 0.0 0.0 0.0
ts 0.0 0.0 0.0 0.0
eeg 817.555236816 687.601806641 786.300598145 909.674133301
eeg 850.454833984 740.241149902 838.940002441 830.715087891
eeg 817.555236816 687.601806641 786.300598145 804.395385742
eeg 784.655639648 845.519897461 944.218688965 804.395385742
eeg 547.778442383 845.519897461 996.858093262 883.354431152
eeg 870.194580078 477.044311523 470.464385986 883.354431152
eeg 916.25402832 740.241149902 733.661254883 804.395385742
eeg 889.934387207 740.241149902 786.300598145 751.75604248
eeg 791.235534668 740.241149902 891.579345703 857.034729004
eeg 633.317443848 740.241149902 891.579345703 830.715087891
eeg 593.837890625 687.601806641 786.300598145 935.993835449
eeg 817.555236816 687.601806641 733.661254883 935.993835449
eeg 850.454833984 792.880554199 838.940002441 909.674133301
eeg 797.815490723 529.683654785 575.743103027 804.395385742
eeg 797.815490723 687.601806641 681.021850586 883.354431152
eeg 745.176086426 634.962402344 628.382507324 909.674133301
eeg 903.094238281 687.601806641 681.021850586 909.674133301
eeg 850.454833984 687.601806641 733.661254883 804.395385742
eeg 850.454833984 687.601806641 733.661254883 778.075683594
eeg 639.897338867 634.962402344 628.382507324 857.034729004
eeg 850.454833984 529.683654785 417.825012207 883.354431152
eeg 903.094238281 740.241149902 681.021850586 883.354431152
a nan nan nan nan
b nan nan nan nan
d nan nan nan nan
g nan nan nan nan
t nan nan nan nan
h 4.0 4.0 4.0 4.0
c 0.0
Aa 0.0 0.0 0.0 0.0
Ab 0.0 0.0 0.0 0.0
Ad 0.0 0.0 0.0 0.0
Ag 0.0 0.0 0.0 0.0
At 0.0 0.0 0.0 0.0
as 0.0 0.0 0.0 0.0
bs 0.0 0.0 0.0 0.0
ds 0.0 0.0 0.0 0.0
gs 0.0 0.0 0.0 0.0
ts 0.0 0.0 0.0 0.0
eeg 903.094238281 687.601806641 681.021850586 935.993835449
eeg 903.094238281 792.880554199 838.940002441 857.034729004
eeg 745.176086426 740.241149902 786.300598145 857.034729004
eeg 797.815490723 687.601806641 733.661254883 909.674133301
eeg 797.815490723 687.601806641 628.382507324 883.354431152
eeg 850.454833984 740.241149902 681.021850586 909.674133301
eeg 797.815490723 792.880554199 891.579345703 909.674133301
eeg 850.454833984 582.323059082 575.743103027 804.395385742
eeg 797.815490723 634.962402344 523.103759766 857.034729004
eeg 692.536743164 792.880554199 681.021850586 883.354431152
eeg 850.454833984 687.601806641 628.382507324 909.674133301
eeg 850.454833984 740.241149902 733.661254883 935.993835449
eeg 850.454833984 634.962402344 628.382507324 962.313476562
eeg 797.815490723 634.962402344 628.382507324 751.75604248
eeg 797.815490723 634.962402344 628.382507324 883.354431152
eeg 850.454833984 634.962402344 628.382507324 883.354431152
eeg 903.094238281 740.241149902 786.300598145 883.354431152
eeg 850.454833984 687.601806641 733.661254883 883.354431152
eeg 903.094238281 634.962402344 628.382507324 778.075683594
eeg 850.454833984 792.880554199 786.300598145 830.715087891
eeg 850.454833984 687.601806641 681.021850586 857.034729004
eeg 955.733581543 687.601806641 628.382507324 804.395385742
a nan nan nan nan
b nan nan nan nan
d nan nan nan nan
g nan nan nan nan
t nan nan nan nan
h 4.0 4.0 4.0 4.0
c 0.0
Aa 0.0 0.0 0.0 0.0
Ab 0.0 0.0 0.0 0.0
Ad 0.0 0.0 0.0 0.0
Ag 0.0 0.0 0.0 0.0
At 0.0 0.0 0.0 0.0
as 0.0 0.0 0.0 0.0
bs 0.0 0.0 0.0 0.0
ds 0.0 0.0 0.0 0.0
gs 0.0 0.0 0.0 0.0
ts 0.0 0.0 0.0 0.0
eeg 797.815490723 950.79864502 996.858093262 909.674133301
eeg 797.815490723 634.962402344 681.021850586 935.993835449
eeg 587.257995605 634.962402344 575.743103027 883.354431152
eeg 692.536743164 634.962402344 575.743103027 988.633178711
eeg 903.094238281 424.404937744 365.185638428 988.633178711
eeg 903.094238281 845.519897461 786.300598145 988.633178711
eeg 903.094238281 529.683654785 470.464385986 883.354431152
eeg 903.094238281 740.241149902 681.021850586 830.715087891
eeg 692.536743164 634.962402344 575.743103027 857.034729004
eeg 797.815490723 634.962402344 470.464385986 909.674133301
eeg 797.815490723 845.519897461 681.021850586 1041.27258301
eeg 903.094238281 529.683654785 365.185638428 935.993835449
eeg 903.094238281 845.519897461 786.300598145 935.993835449
eeg 692.536743164 740.241149902 786.300598145 857.034729004
eeg 797.815490723 740.241149902 681.021850586 935.993835449
eeg 903.094238281 740.241149902 681.021850586 962.313476562
eeg 903.094238281 845.519897461 786.300598145 909.674133301
eeg 837.29498291 618.512634277 671.151977539 845.519897461
eeg 784.655639648 671.151977539 776.430725098 740.241149902
eeg 732.016235352 618.512634277 776.430725098 792.880554199
eeg 679.37689209 723.791320801 881.709472656 740.241149902
eeg 679.37689209 671.151977539 881.709472656 740.241149902
a nan nan nan nan
b nan nan nan nan
d nan nan nan nan
g nan nan nan nan
t nan nan nan nan
h 4.0 4.0 4.0 4.0
c 0.0
Aa 0.0 0.0 0.0 0.0
Ab 0.0 0.0 0.0 0.0
Ad 0.0 0.0 0.0 0.0
Ag 0.0 0.0 0.0 0.0
At 0.0 0.0 0.0 0.0
as 0.0 0.0 0.0 0.0
bs 0.0 0.0 0.0 0.0
ds 0.0 0.0 0.0 0.0
gs 0.0 0.0 0.0 0.0
ts 0.0 0.0 0.0 0.0
eeg 626.737487793 776.430725098 1092.26696777 740.241149902
eeg 679.37689209 513.233886719 776.430725098 740.241149902
eeg 784.655639648 513.233886719 671.151977539 634.962402344
eeg 626.737487793 776.430725098 881.709472656 792.880554199
eeg 784.655639648 723.791320801 881.709472656 898.159240723
eeg 784.655639648 776.430725098 986.988220215 898.159240723
eeg 679.37689209 618.512634277 776.430725098 792.880554199
eeg 784.655639648 618.512634277 671.151977539 740.241149902
eeg 732.016235352 723.791320801 671.151977539 845.519897461
eeg 732.016235352 776.430725098 776.430725098 845.519897461
eeg 732.016235352 723.791320801 776.430725098 898.159240723
eeg 889.934387207 565.87322998 565.87322998 845.519897461
eeg 784.655639648 671.151977539 671.151977539 792.880554199
eeg 679.37689209 565.87322998 565.87322998 687.601806641
eeg 732.016235352 565.87322998 565.87322998 792.880554199
eeg 784.655639648 460.594482422 460.594482422 792.880554199
eeg 837.29498291 565.87322998 565.87322998 740.241149902
eeg 784.655639648 460.594482422 460.594482422 687.601806641
eeg 784.655639648 671.151977539 776.430725098 687.601806641
eeg 574.098144531 565.87322998 776.430725098 898.159240723
eeg 732.016235352 355.315765381 460.594482422 792.880554199
eeg 732.016235352 565.87322998 671.151977539 792.880554199
a nan nan nan nan
b nan nan nan nan
d nan nan nan nan
g nan nan nan nan
t nan nan nan nan
h 4.0 4.0 4.0 4.0
c 0.0
Aa 0.0 0.0 0.0 0.0
Ab 0.0 0.0 0.0 0.0
Ad 0.0 0.0 0.0 0.0
Ag 0.0 0.0 0.0 0.0
At 0.0 0.0 0.0 0.0
as 0.0 0.0 0.0 0.0
bs 0.0 0.0 0.0 0.0
ds 0.0 0.0 0.0 0.0
gs 0.0 0.0 0.0 0.0
ts 0.0 0.0 0.0 0.0
eeg 889.934387207 565.87322998 671.151977539 792.880554199
eeg 784.655639648 565.87322998 671.151977539 898.159240723
eeg 626.737487793 671.151977539 776.430725098 740.241149902
eeg 679.37689209 671.151977539 776.430725098 898.159240723
eeg 784.655639648 565.87322998 565.87322998 845.519897461
eeg 889.934387207 881.709472656 881.709472656 792.880554199
eeg 653.057189941 881.709472656 671.151977539 825.780151367
eeg 705.696594238 881.709472656 671.151977539 773.14074707
eeg 705.696594238 881.709472656 671.151977539 931.058898926
eeg 705.696594238 986.988220215 776.430725098 911.319091797
eeg 732.016235352 881.709472656 776.430725098 924.478942871
eeg 626.737487793 986.988220215 986.988220215 832.360046387
eeg 626.737487793 776.430725098 776.430725098 792.880554199
eeg 626.737487793 776.430725098 776.430725098 832.360046387
eeg 600.41784668 881.709472656 881.709472656 1003.43798828
eeg 810.975280762 671.151977539 565.87322998 917.899047852
eeg 810.975280762 986.988220215 881.709472656 871.839599609
eeg 863.614685059 565.87322998 460.594482422 779.720703125
eeg 784.655639648 986.988220215 881.709472656 766.560852051
eeg 732.016235352 776.430725098 776.430725098 904.739196777
eeg 758.3359375 776.430725098 776.430725098 924.478942871
eeg 626.737487793 881.709472656 881.709472656 944.218688965
a nan nan nan nan
b nan nan nan nan
d nan nan nan nan
g nan nan nan nan
t nan nan nan nan
h 4.0 4.0 4.0 4.0
c 0.0
Aa 0.0 0.0 0.0 0.0
Ab 0.0 0.0 0.0 0.0
Ad 0.0 0.0 0.0 0.0
Ag 0.0 0.0 0.0 0.0
At 0.0 0.0 0.0 0.0
as 0.0 0.0 0.0 0.0
bs 0.0 0.0 0.0 0.0
ds 0.0 0.0 0.0 0.0
gs 0.0 0.0 0.0 0.0
ts 0.0 0.0 0.0 0.0
eeg 942.573730469 460.594482422 355.315765381 812.620300293
eeg 732.016235352 671.151977539 671.151977539 891.579345703
eeg 732.016235352 671.151977539 671.151977539 733.661254883
eeg 784.655639648 671.151977539 671.151977539 891.579345703
eeg 784.655639648 565.87322998 565.87322998 865.259643555
eeg 889.934387207 671.151977539 671.151977539 786.300598145
eeg 837.29498291 460.594482422 460.594482422 786.300598145
eeg 837.29498291 671.151977539 671.151977539 759.980895996
eeg 626.737487793 671.151977539 671.151977539 917.899047852
eeg 837.29498291 460.594482422 355.315765381 917.899047852
eeg 784.655639648 776.430725098 671.151977539 917.899047852
eeg 942.573730469 460.594482422 355.315765381 812.620300293
eeg 784.655639648 776.430725098 671.151977539 812.620300293
eeg 732.016235352 671.151977539 671.151977539 812.620300293
eeg 784.655639648 671.151977539 671.151977539 944.218688965
eeg 837.29498291 671.151977539 671.151977539 891.579345703
eeg 837.29498291 829.070068359 776.430725098 891.579345703
eeg 679.37689209 723.791320801 723.791320801 944.218688965
eeg 679.37689209 723.791320801 671.151977539 838.940002441
eeg 679.37689209 723.791320801 671.151977539 944.218688965
eeg 732.016235352 776.430725098 723.791320801 944.218688965
eeg 784.655639648 671.151977539 671.151977539 838.940002441
a nan nan nan nan
b nan nan nan nan
d nan nan nan nan
g nan nan nan nan
t nan nan nan nan
h 4.0 4.0 4.0 4.0
c 0.0
Aa 0.0 0.0 0.0 0.0
Ab 0.0 0.0 0.0 0.0
Ad 0.0 0.0 0.0 0.0
Ag 0.0 0.0 0.0 0.0
At 0.0 0.0 0.0 0.0
as 0.0 0.0 0.0 0.0
bs 0.0 0.0 0.0 0.0
ds 0.0 0.0 0.0 0.0
gs 0.0 0.0 0.0 0.0
ts 0.0 0.0 0.0 0.0
eeg 679.37689209 881.709472656 986.988220215 838.940002441
eeg 626.737487793 618.512634277 671.151977539 838.940002441
eeg 679.37689209 618.512634277 671.151977539 786.300598145
eeg 679.37689209 829.070068359 986.988220215 944.218688965
eeg 679.37689209 618.512634277 723.791320801 891.579345703
eeg 837.29498291 618.512634277 618.512634277 838.940002441
eeg 837.29498291 723.791320801 776.430725098 838.940002441
eeg 784.655639648 671.151977539 723.791320801 838.940002441
eeg 784.655639648 671.151977539 723.791320801 944.218688965
eeg 784.655639648 829.070068359 934.348815918 944.218688965
eeg 732.016235352 618.512634277 618.512634277 891.579345703
eeg 942.573730469 513.233886719 513.233886719 786.300598145
eeg 784.655639648 723.791320801 723.791320801 786.300598145
eeg 784.655639648 618.512634277 618.512634277 733.661254883
eeg 837.29498291 618.512634277 618.512634277 786.300598145
eeg 784.655639648 618.512634277 723.791320801 838.940002441
eeg 889.934387207 407.95513916 407.95513916 733.661254883
eeg 679.37689209 723.791320801 723.791320801 786.300598145
eeg 784.655639648 513.233886719 407.95513916 733.661254883
eeg 837.29498291 618.512634277 513.233886719 838.940002441
eeg 837.29498291 723.791320801 723.791320801 838.940002441
eeg 784.655639648 513.233886719 618.512634277 786.300598145
a nan nan nan nan
b nan nan nan nan
d nan nan nan nan
g nan nan nan nan
t nan nan nan nan
h 4.0 4.0 4.0 4.0
c 0.0
Aa 0.0 0.0 0.0 0.0
Ab 0.0 0.0 0.0 0.0
Ad 0.0 0.0 0.0 0.0
Ag 0.0 0.0 0.0 0.0
At 0.0 0.0 0.0 0.0
as 0.0 0.0 0.0 0.0
bs 0.0 0.0 0.0 0.0
ds 0.0 0.0 0.0 0.0
gs 0.0 0.0 0.0 0.0
ts 0.0 0.0 0.0 0.0
eeg 889.934387207 513.233886719 618.512634277 786.300598145
eeg 732.016235352 618.512634277 723.791320801 838.940002441
eeg 732.016235352 618.512634277 723.791320801 838.940002441
eeg 784.655639648 618.512634277 723.791320801 996.858093262
eeg 837.29498291 671.151977539 723.791320801 944.218688965
eeg 889.934387207 723.791320801 776.430725098 838.940002441
eeg 784.655639648 671.151977539 723.791320801 786.300598145
eeg 837.29498291 671.151977539 723.791320801 786.300598145
eeg 942.573730469 618.512634277 723.791320801 891.579345703
eeg 942.573730469 723.791320801 776.430725098 891.579345703
eeg 995.213134766 618.512634277 671.151977539 838.940002441
eeg 942.573730469 829.070068359 986.988220215 786.300598145
eeg 732.016235352 618.512634277 723.791320801 944.218688965
eeg 995.213134766 460.594482422 407.95513916 838.940002441
eeg 942.573730469 829.070068359 829.070068359 891.579345703
eeg 942.573730469 776.430725098 829.070068359 996.858093262
eeg 942.573730469 776.430725098 829.070068359 996.858093262
eeg 732.016235352 776.430725098 881.709472656 891.579345703
eeg 784.655639648 565.87322998 618.512634277 891.579345703
eeg 784.655639648 671.151977539 671.151977539 891.579345703
eeg 837.29498291 776.430725098 881.709472656 838.940002441
eeg 679.37689209 776.430725098 986.988220215 838.940002441
a nan nan nan nan
b nan nan nan nan
d nan nan nan nan
g nan nan nan nan
t nan nan nan nan
h 4.0 4.0 4.0 4.0
c 0.0
Aa 0.0 0.0 0.0 0.0
Ab 0.0 0.0 0.0 0.0
Ad 0.0 0.0 0.0 0.0
Ag 0.0 0.0 0.0 0.0
At 0.0 0.0 0.0 0.0
as 0.0 0.0 0.0 0.0
bs 0.0 0.0 0.0 0.0
ds 0.0 0.0 0.0 0.0
gs 0.0 0.0 0.0 0.0
ts 0.0 0.0 0.0 0.0
eeg 889.934387207 671.151977539 776.430725098 733.661254883
eeg 732.016235352 776.430725098 986.988220215 838.940002441
eeg 732.016235352 776.430725098 881.709472656 786.300598145
eeg 784.655639648 776.430725098 881.709472656 838.940002441
eeg 732.016235352 776.430725098 986.988220215 891.579345703
eeg 889.934387207 565.87322998 671.151977539 733.661254883
eeg 732.016235352 776.430725098 881.709472656 838.940002441
eeg 784.655639648 671.151977539 776.430725098 786.300598145
eeg 837.29498291 671.151977539 671.151977539 786.300598145
eeg 837.29498291 776.430725098 776.430725098 786.300598145
eeg 889.934387207 565.87322998 565.87322998 733.661254883
eeg 837.29498291 881.709472656 986.988220215 733.661254883
eeg 732.016235352 671.151977539 776.430725098 838.940002441
eeg 679.37689209 776.430725098 881.709472656 838.940002441
eeg 666.217041016 738.596191406 771.495788574 903.094238281
eeg 771.495788574 422.75994873 455.659545898 955.733581543
eeg 718.856384277 633.317443848 666.217041016 903.094238281
eeg 666.217041016 317.481201172 455.659545898 850.454833984
eeg 666.217041016 528.038696289 666.217041016 903.094238281
eeg 613.577697754 528.038696289 666.217041016 1008.3729248
eeg 771.495788574 422.75994873 455.659545898 955.733581543
eeg 560.938293457 633.317443848 771.495788574 903.094238281
a nan nan nan nan
b nan nan nan nan
d nan nan nan nan
g nan nan nan nan
t nan nan nan nan
h 4.0 4.0 4.0 4.0
c 0.0
Aa 0.0 0.0 0.0 0.0
Ab 0.0 0.0 0.0 0.0
Ad 0.0 0.0 0.0 0.0
Ag 0.0 0.0 0.0 0.0
At 0.0 0.0 0.0 0.0
as 0.0 0.0 0.0 0.0
bs 0.0 0.0 0.0 0.0
ds 0.0 0.0 0.0 0.0
gs 0.0 0.0 0.0 0.0
ts 0.0 0.0 0.0 0.0
eeg 771.495788574 422.75994873 455.659545898 850.454833984
eeg 718.856384277 633.317443848 666.217041016 903.094238281
eeg 666.217041016 633.317443848 666.217041016 903.094238281
eeg 666.217041016 528.038696289 560.938293457 955.733581543
eeg 771.495788574 528.038696289 560.938293457 955.733581543
eeg 771.495788574 633.317443848 666.217041016 903.094238281
eeg 718.856384277 633.317443848 666.217041016 903.094238281
eeg 718.856384277 633.317443848 666.217041016 903.094238281
eeg 718.856384277 633.317443848 666.217041016 903.094238281
eeg 824.135131836 528.038696289 560.938293457 876.774536133
eeg 929.413879395 422.75994873 560.938293457 797.815490723
eeg 824.135131836 738.596191406 876.774536133 718.856384277
eeg 718.856384277 528.038696289 666.217041016 850.454833984
eeg 718.856384277 633.317443848 771.495788574 824.135131836
eeg 718.856384277 633.317443848 771.495788574 850.454833984
eeg 718.856384277 738.596191406 876.774536133 876.774536133
eeg 771.495788574 633.317443848 771.495788574 1034.69262695
eeg 666.217041016 528.038696289 560.938293457 718.856384277
eeg 666.217041016 843.874938965 876.774536133 903.094238281
eeg 666.217041016 633.317443848 666.217041016 876.774536133
eeg 824.135131836 843.874938965 876.774536133 850.454833984
eeg 666.217041016 843.874938965 876.774536133 850.454833984
a nan nan nan nan
b nan nan nan nan
d nan nan nan nan
g nan nan nan nan
t nan nan nan nan
h 4.0 4.0 4.0 4.0
c 0.0
Aa 0.0 0.0 0.0 0.0
Ab 0.0 0.0 0.0 0.0
Ad 0.0 0.0 0.0 0.0
Ag 0.0 0.0 0.0 0.0
At 0.0 0.0 0.0 0.0
as 0.0 0.0 0.0 0.0
bs 0.0 0.0 0.0 0.0
ds 0.0 0.0 0.0 0.0
gs 0.0 0.0 0.0 0.0
ts 0.0 0.0 0.0 0.0
eeg 824.135131836 738.596191406 666.217041016 797.815490723
eeg 771.495788574 843.874938965 876.774536133 824.135131836
eeg 718.856384277 843.874938965 876.774536133 876.774536133
eeg 718.856384277 633.317443848 666.217041016 880.064453125
eeg 771.495788574 528.038696289 666.217041016 896.514282227
eeg 718.856384277 633.317443848 771.495788574 774.785766602
eeg 718.856384277 528.038696289 771.495788574 764.91583252
eeg 718.856384277 528.038696289 771.495788574 870.194580078
eeg 560.938293457 528.038696289 771.495788574 906.384155273
eeg 824.135131836 422.75994873 560.938293457 886.64440918
eeg 666.217041016 633.317443848 771.495788574 840.584960938
eeg 824.135131836 422.75994873 560.938293457 758.3359375
eeg 824.135131836 528.038696289 666.217041016 824.135131836
eeg 718.856384277 633.317443848 876.774536133 889.934387207
eeg 718.856384277 528.038696289 771.495788574 857.034729004
eeg 929.413879395 422.75994873 560.938293457 883.354431152
eeg 771.495788574 633.317443848 771.495788574 797.815490723
eeg 771.495788574 633.317443848 771.495788574 784.655639648
eeg 824.135131836 633.317443848 666.217041016 922.833984375
eeg 876.774536133 659.637145996 718.856384277 896.514282227
eeg 929.413879395 685.956787109 771.495788574 870.194580078
eeg 824.135131836 606.997741699 692.536743164 817.555236816
a nan nan nan nan
b nan nan nan nan
d nan nan nan nan
g nan nan nan nan
t nan nan nan nan
h 4.0 4.0 4.0 4.0
c 0.0
Aa 0.0 0.0 0.0 0.0
Ab 0.0 0.0 0.0 0.0
Ad 0.0 0.0 0.0 0.0
Ag 0.0 0.0 0.0 0.0
At 0.0 0.0 0.0 0.0
as 0.0 0.0 0.0 0.0
bs 0.0 0.0 0.0 0.0
ds 0.0 0.0 0.0 0.0
gs 0.0 0.0 0.0 0.0
ts 0.0 0.0 0.0 0.0
eeg 876.774536133 633.317443848 692.536743164 738.596191406
eeg 876.774536133 633.317443848 692.536743164 870.194580078
eeg 876.774536133 633.317443848 666.217041016 870.194580078
eeg 982.053283691 633.317443848 666.217041016 870.194580078
eeg 824.135131836 843.874938965 929.413879395 870.194580078
eeg 824.135131836 501.718994141 481.979248047 817.555236816
eeg 982.053283691 528.038696289 455.659545898 738.596191406
eeg 876.774536133 791.235534668 771.495788574 843.874938965
eeg 876.774536133 738.596191406 771.495788574 1028.1126709
eeg 876.774536133 738.596191406 771.495788574 975.473327637
eeg 613.577697754 791.235534668 824.135131836 817.555236816
eeg 824.135131836 685.956787109 718.856384277 791.235534668
eeg 613.577697754 712.276489258 745.176086426 949.153686523
eeg 718.856384277 606.997741699 639.897338867 896.514282227
eeg 666.217041016 659.637145996 639.897338867 896.514282227
eeg 824.135131836 554.358398438 534.618591309 843.874938965
eeg 718.856384277 712.276489258 745.176086426 817.555236816
eeg 718.856384277 712.276489258 745.176086426 817.555236816
eeg 718.856384277 659.637145996 745.176086426 949.153686523
eeg 718.856384277 712.276489258 745.176086426 896.514282227
eeg 876.774536133 606.997741699 639.897338867 870.194580078
eeg 718.856384277 817.555236816 850.454833984 896.514282227
a nan nan nan nan
b nan nan nan nan
d nan nan nan nan
g nan nan nan nan
t nan nan nan nan
h 4.0 4.0 4.0 4.0
c 0.0
Aa 0.0 0.0 0.0 0.0
Ab 0.0 0.0 0.0 0.0
Ad 0.0 0.0 0.0 0.0
Ag 0.0 0.0 0.0 0.0
At 0.0 0.0 0.0 0.0
as 0.0 0.0 0.0 0.0
bs 0.0 0.0 0.0 0.0
ds 0.0 0.0 0.0 0.0
gs 0.0 0.0 0.0 0.0
ts 0.0 0.0 0.0 0.0
eeg 771.495788574 554.358398438 534.618591309 791.235534668
eeg 771.495788574 712.276489258 639.897338867 870.194580078
eeg 718.856384277 764.91583252 745.176086426 922.833984375
eeg 718.856384277 659.637145996 639.897338867 922.833984375
eeg 876.774536133 659.637145996 639.897338867 870.194580078
eeg 718.856384277 764.91583252 745.176086426 870.194580078
eeg 718.856384277 764.91583252 745.176086426 791.235534668
eeg 824.135131836 659.637145996 639.897338867 843.874938965
eeg 876.774536133 606.997741699 587.257995605 843.874938965
eeg 929.413879395 659.637145996 639.897338867 791.235534668
eeg 876.774536133 554.358398438 534.618591309 791.235534668
eeg 824.135131836 764.91583252 797.815490723 738.596191406
eeg 771.495788574 606.997741699 587.257995605 791.235534668
eeg 876.774536133 606.997741699 587.257995605 843.874938965
eeg 771.495788574 764.91583252 797.815490723 791.235534668
eeg 982.053283691 449.079620361 481.979248047 791.235534668
eeg 824.135131836 764.91583252 797.815490723 791.235534668
eeg 771.495788574 659.637145996 692.536743164 685.956787109
eeg 876.774536133 659.637145996 639.897338867 843.874938965
eeg 929.413879395 659.637145996 639.897338867 843.874938965
eeg 929.413879395 712.276489258 745.176086426 791.235534668
eeg 771.495788574 659.637145996 745.176086426 791.235534668
a nan nan nan nan
b nan nan nan nan
d nan nan nan nan
g nan nan nan nan
t nan nan nan nan
h 4.0 4.0 4.0 4.0
c 0.0
Aa 0.0 0.0 0.0 0.0
Ab 0.0 0.0 0.0 0.0
Ad 0.0 0.0 0.0 0.0
Ag 0.0 0.0 0.0 0.0
At 0.0 0.0 0.0 0.0
as 0.0 0.0 0.0 0.0
bs 0.0 0.0 0.0 0.0
ds 0.0 0.0 0.0 0.0
gs 0.0 0.0 0.0 0.0
ts 0.0 0.0 0.0 0.0
eeg 771.495788574 659.637145996 692.536743164 738.596191406
eeg 771.495788574 659.637145996 797.815490723 949.153686523
eeg 771.495788574 659.637145996 903.094238281 1001.79302979
eeg 929.413879395 659.637145996 1008.3729248 1001.79302979
eeg 771.495788574 870.194580078 1218.93041992 896.514282227
eeg 718.856384277 606.997741699 903.094238281 1001.79302979
eeg 718.856384277 764.91583252 1008.3729248 843.874938965
eeg 771.495788574 712.276489258 1008.3729248 949.153686523
eeg 771.495788574 764.91583252 1008.3729248 1001.79302979
eeg 929.413879395 659.637145996 797.815490723 896.514282227
eeg 771.495788574 764.91583252 903.094238281 896.514282227
eeg 771.495788574 659.637145996 797.815490723 843.874938965
eeg 771.495788574 712.276489258 797.815490723 949.153686523
eeg 824.135131836 764.91583252 903.094238281 949.153686523
eeg 666.217041016 764.91583252 903.094238281 843.874938965
eeg 876.774536133 606.997741699 692.536743164 843.874938965
eeg 718.856384277 764.91583252 797.815490723 843.874938965
eeg 771.495788574 712.276489258 797.815490723 791.235534668
eeg 824.135131836 606.997741699 692.536743164 843.874938965
eeg 876.774536133 606.997741699 692.536743164 896.514282227
eeg 929.413879395 659.637145996 745.176086426 843.874938965
eeg 824.135131836 554.358398438 639.897338867 791.235534668
a nan nan nan nan
b nan nan nan nan
d nan nan nan nan
g nan nan nan nan
t nan nan nan nan
h 4.0 4.0 4.0 4.0
c 0.0
Aa 0.0 0.0 0.0 0.0
Ab 0.0 0.0 0.0 0.0
Ad 0.0 0.0 0.0 0.0
Ag 0.0 0.0 0.0 0.0
At 0.0 0.0 0.0 0.0
as 0.0 0.0 0.0 0.0
bs 0.0 0.0 0.0 0.0
ds 0.0 0.0 0.0 0.0
gs 0.0 0.0 0.0 0.0
ts 0.0 0.0 0.0 0.0
eeg 824.135131836 712.276489258 850.454833984 791.235534668
eeg 718.856384277 606.997741699 692.536743164 791.235534668
eeg 876.774536133 501.718994141 481.979248047 843.874938965
eeg 929.413879395 659.637145996 639.897338867 791.235534668
eeg 876.774536133 712.276489258 797.815490723 791.235534668
eeg 824.135131836 712.276489258 797.815490723 1001.79302979
eeg 718.856384277 659.637145996 745.176086426 791.235534668
eeg 718.856384277 659.637145996 745.176086426 896.514282227
eeg 876.774536133 554.358398438 587.257995605 949.153686523
eeg 876.774536133 817.555236816 850.454833984 843.874938965
eeg 718.856384277 712.276489258 797.815490723 843.874938965
eeg 761.625915527 634.962402344 633.317443848 830.715087891
eeg 708.98651123 740.241149902 843.874938965 830.715087891
eeg 708.98651123 740.241149902 843.874938965 830.715087891
eeg 656.347167969 740.241149902 843.874938965 830.715087891
eeg 656.347167969 950.79864502 1054.43237305 778.075683594
eeg 551.06842041 740.241149902 843.874938965 883.354431152
eeg 656.347167969 740.241149902 843.874938965 778.075683594
eeg 603.707763672 950.79864502 1054.43237305 935.993835449
eeg 866.904663086 634.962402344 843.874938965 830.715087891
eeg 814.265258789 950.79864502 1054.43237305 778.075683594
eeg 814.265258789 740.241149902 843.874938965 778.075683594
a nan nan nan nan
b nan nan nan nan
d nan nan nan nan
g nan nan nan nan
t nan nan nan nan
h 4.0 4.0 4.0 4.0
c 0.0
Aa 0.0 0.0 0.0 0.0
Ab 0.0 0.0 0.0 0.0
Ad 0.0 0.0 0.0 0.0
Ag 0.0 0.0 0.0 0.0
At 0.0 0.0 0.0 0.0
as 0.0 0.0 0.0 0.0
bs 0.0 0.0 0.0 0.0
ds 0.0 0.0 0.0 0.0
gs 0.0 0.0 0.0 0.0
ts 0.0 0.0 0.0 0.0
eeg 761.625915527 950.79864502 1054.43237305 778.075683594
eeg 708.98651123 845.519897461 1054.43237305 830.715087891
eeg 814.265258789 845.519897461 1054.43237305 830.715087891
eeg 656.347167969 845.519897461 1054.43237305 778.075683594
eeg 919.544006348 529.683654785 633.317443848 778.075683594
eeg 708.98651123 845.519897461 843.874938965 830.715087891
eeg 761.625915527 792.880554199 791.235534668 830.715087891
eeg 814.265258789 740.241149902 738.596191406 935.993835449
eeg 814.265258789 634.962402344 633.317443848 962.313476562
eeg 866.904663086 582.323059082 633.317443848 935.993835449
eeg 866.904663086 529.683654785 528.038696289 751.75604248
eeg 866.904663086 634.962402344 685.956787109 830.715087891
eeg 866.904663086 529.683654785 528.038696289 830.715087891
eeg 866.904663086 687.601806641 738.596191406 909.674133301
eeg 814.265258789 582.323059082 633.317443848 935.993835449
eeg 919.544006348 529.683654785 528.038696289 778.075683594
eeg 814.265258789 687.601806641 738.596191406 830.715087891
eeg 761.625915527 687.601806641 738.596191406 830.715087891
eeg 866.904663086 687.601806641 738.596191406 883.354431152
eeg 919.544006348 634.962402344 685.956787109 909.674133301
eeg 919.544006348 687.601806641 738.596191406 778.075683594
eeg 972.183410645 529.683654785 528.038696289 751.75604248
a nan nan nan nan
b nan nan nan nan
d nan nan nan nan
g nan nan nan nan
t nan nan nan nan
h 4.0 4.0 4.0 4.0
c 0.0
Aa 0.0 0.0 0.0 0.0
Ab 0.0 0.0 0.0 0.0
Ad 0.0 0.0 0.0 0.0
Ag 0.0 0.0 0.0 0.0
At 0.0 0.0 0.0 0.0
as 0.0 0.0 0.0 0.0
bs 0.0 0.0 0.0 0.0
ds 0.0 0.0 0.0 0.0
gs 0.0 0.0 0.0 0.0
ts 0.0 0.0 0.0 0.0
eeg 814.265258789 845.519897461 843.874938965 857.034729004
eeg 814.265258789 634.962402344 633.317443848 962.313476562
eeg 866.904663086 634.962402344 633.317443848 1014.95288086
eeg 656.347167969 740.241149902 738.596191406 1014.95288086
eeg 866.904663086 477.044311523 422.75994873 857.034729004
eeg 761.625915527 740.241149902 633.317443848 909.674133301
eeg 761.625915527 634.962402344 633.317443848 909.674133301
eeg 919.544006348 634.962402344 633.317443848 962.313476562
eeg 866.904663086 687.601806641 633.317443848 962.313476562
eeg 866.904663086 582.323059082 528.038696289 857.034729004
eeg 708.98651123 792.880554199 738.596191406 857.034729004
eeg 761.625915527 582.323059082 528.038696289 857.034729004
eeg 761.625915527 687.601806641 633.317443848 909.674133301
eeg 919.544006348 687.601806641 633.317443848 909.674133301
eeg 866.904663086 687.601806641 633.317443848 804.395385742
eeg 866.904663086 687.601806641 633.317443848 751.75604248
eeg 761.625915527 792.880554199 738.596191406 857.034729004
eeg 656.347167969 792.880554199 738.596191406 804.395385742
eeg 656.347167969 792.880554199 738.596191406 857.034729004
eeg 708.98651123 792.880554199 738.596191406 857.034729004
eeg 708.98651123 898.159240723 843.874938965 804.395385742
eeg 708.98651123 792.880554199 738.596191406 751.75604248
a nan nan nan nan
b nan nan nan nan
d nan nan nan nan
g nan nan nan nan
t nan nan nan nan
h 4.0 4.0 4.0 4.0
c 0.0
Aa 0.0 0.0 0.0 0.0
Ab 0.0 0.0 0.0 0.0
Ad 0.0 0.0 0.0 0.0
Ag 0.0 0.0 0.0 0.0
At 0.0 0.0 0.0 0.0
as 0.0 0.0 0.0 0.0
bs 0.0 0.0 0.0 0.0
ds 0.0 0.0 0.0 0.0
gs 0.0 0.0 0.0 0.0
ts 0.0 0.0 0.0 0.0
eeg 708.98651123 898.159240723 843.874938965 804.395385742
eeg 708.98651123 792.880554199 738.596191406 857.034729004
eeg 814.265258789 792.880554199 738.596191406 857.034729004
eeg 708.98651123 792.880554199 738.596191406 804.395385742
eeg 761.625915527 687.601806641 633.317443848 751.75604248
eeg 708.98651123 792.880554199 843.874938965 857.034729004
eeg 708.98651123 687.601806641 738.596191406 857.034729004
eeg 708.98651123 687.601806641 738.596191406 857.034729004
eeg 866.904663086 582.323059082 528.038696289 857.034729004
eeg 814.265258789 792.880554199 738.596191406 857.034729004
eeg 708.98651123 740.241149902 791.235534668 751.75604248
eeg 708.98651123 687.601806641 738.596191406 804.395385742
eeg 656.347167969 687.601806641 738.596191406 857.034729004
eeg 814.265258789 634.962402344 633.317443848 804.395385742
eeg 814.265258789 634.962402344 633.317443848 804.395385742
eeg 814.265258789 740.241149902 791.235534668 699.116638184
eeg 814.265258789 582.323059082 633.317443848 909.674133301
eeg 761.625915527 792.880554199 843.874938965 1120.23156738
eeg 761.625915527 687.601806641 685.956787109 1172.87097168
eeg 866.904663086 687.601806641 685.956787109 857.034729004
eeg 814.265258789 792.880554199 843.874938965 962.313476562
eeg 761.625915527 687.601806641 738.596191406 646.477294922
a nan nan nan nan
b nan nan nan nan
d nan nan nan nan
g nan nan nan nan
t nan nan nan nan
h 4.0 4.0 4.0 4.0
c 0.0
Aa 0.0 0.0 0.0 0.0
Ab 0.0 0.0 0.0 0.0
Ad 0.0 0.0 0.0 0.0
Ag 0.0 0.0 0.0 0.0
At 0.0 0.0 0.0 0.0
as 0.0 0.0 0.0 0.0
bs 0.0 0.0 0.0 0.0
ds 0.0 0.0 0.0 0.0
gs 0.0 0.0 0.0 0.0
ts 0.0 0.0 0.0 0.0
eeg 761.625915527 740.241149902 791.235534668 909.674133301
eeg 708.98651123 740.241149902 791.235534668 962.313476562
eeg 866.904663086 687.601806641 685.956787109 857.034729004
eeg 761.625915527 687.601806641 685.956787109 857.034729004
eeg 787.945556641 740.241149902 738.596191406 857.034729004
eeg 708.98651123 792.880554199 791.235534668 1067.59228516
eeg 708.98651123 792.880554199 791.235534668 1014.95288086
eeg 682.666870117 792.880554199 843.874938965 1014.95288086
eeg 840.584960938 687.601806641 738.596191406 1014.95288086
eeg 761.625915527 740.241149902 791.235534668 1014.95288086
eeg 735.306213379 634.962402344 685.956787109 909.674133301
eeg 761.625915527 792.880554199 896.514282227 1067.59228516
eeg 577.388122559 792.880554199 949.153686523 1172.87097168
eeg 893.224304199 477.044311523 580.678039551 1172.87097168
eeg 866.904663086 477.044311523 475.39932251 804.395385742
eeg 840.584960938 845.519897461 843.874938965 857.034729004
eeg 735.306213379 687.601806641 738.596191406 857.034729004
eeg 735.306213379 740.241149902 843.874938965 857.034729004
eeg 630.02746582 740.241149902 843.874938965 962.313476562
eeg 919.544006348 424.404937744 422.75994873 857.034729004
eeg 866.904663086 634.962402344 633.317443848 804.395385742
eeg 814.265258789 634.962402344 738.596191406 751.75604248
a nan nan nan nan
b nan nan nan nan
d nan nan nan nan
g nan nan nan nan
t nan nan nan nan
h 4.0 4.0 4.0 4.0
c 0.0
Aa 0.0 0.0 0.0 0.0
Ab 0.0 0.0 0.0 0.0
Ad 0.0 0.0 0.0 0.0
Ag 0.0 0.0 0.0 0.0
At 0.0 0.0 0.0 0.0
as 0.0 0.0 0.0 0.0
bs 0.0 0.0 0.0 0.0
ds 0.0 0.0 0.0 0.0
gs 0.0 0.0 0.0 0.0
ts 0.0 0.0 0.0 0.0
eeg 866.904663086 529.683654785 633.317443848 883.354431152
eeg 919.544006348 529.683654785 528.038696289 857.034729004
eeg 972.183410645 740.241149902 633.317443848 778.075683594
eeg 866.904663086 634.962402344 528.038696289 751.75604248
eeg 866.904663086 845.519897461 738.596191406 699.116638184
eeg 603.707763672 740.241149902 633.317443848 883.354431152
eeg 866.904663086 529.683654785 422.75994873 857.034729004
eeg 761.625915527 845.519897461 738.596191406 857.034729004
eeg 972.183410645 529.683654785 422.75994873 804.395385742
eeg 866.904663086 845.519897461 738.596191406 778.075683594
eeg 814.265258789 740.241149902 738.596191406 778.075683594
eeg 866.904663086 740.241149902 633.317443848 909.674133301
eeg 866.904663086 740.241149902 633.317443848 909.674133301
eeg 919.544006348 740.241149902 633.317443848 830.715087891
eeg 868.549621582 740.241149902 580.678039551 830.715087891
eeg 807.68536377 950.79864502 843.874938965 778.075683594
eeg 722.146362305 740.241149902 633.317443848 909.674133301
eeg 781.365661621 845.519897461 738.596191406 909.674133301
eeg 759.980895996 792.880554199 738.596191406 909.674133301
eeg 774.785766602 845.519897461 843.874938965 830.715087891
eeg 751.75604248 740.241149902 685.956787109 830.715087891
eeg 720.501403809 740.241149902 685.956787109 778.075683594
a nan nan nan nan
b nan nan nan nan
d nan nan nan nan
g nan nan nan nan
t nan nan nan nan
h 4.0 4.0 4.0 4.0
c 0.0
Aa 0.0 0.0 0.0 0.0
Ab 0.0 0.0 0.0 0.0
Ad 0.0 0.0 0.0 0.0
Ag 0.0 0.0 0.0 0.0
At 0.0 0.0 0.0 0.0
as 0.0 0.0 0.0 0.0
bs 0.0 0.0 0.0 0.0
ds 0.0 0.0 0.0 0.0
gs 0.0 0.0 0.0 0.0
ts 0.0 0.0 0.0 0.0
eeg 700.76159668 792.880554199 685.956787109 909.674133301
eeg 904.739196777 582.323059082 475.39932251 909.674133301
eeg 888.289367676 950.79864502 896.514282227 830.715087891
eeg 791.235534668 687.601806641 685.956787109 830.715087891
eeg 815.91027832 687.601806641 685.956787109 778.075683594
eeg 783.010620117 740.241149902 738.596191406 883.354431152
eeg 787.945556641 740.241149902 791.235534668 935.993835449
eeg 866.904663086 634.962402344 685.956787109 909.674133301
eeg 916.25402832 690.891723633 702.406616211 820.845214844
eeg 810.975280762 690.891723633 597.127868652 820.845214844
eeg 863.614685059 585.612976074 491.849121094 715.566467285
eeg 916.25402832 743.53112793 702.406616211 926.123962402
eeg 968.893432617 638.252380371 597.127868652 820.845214844
eeg 1021.53277588 690.891723633 597.127868652 820.845214844
eeg 863.614685059 638.252380371 597.127868652 768.205810547
eeg 863.614685059 743.53112793 702.406616211 768.205810547
eeg 705.696594238 638.252380371 597.127868652 926.123962402
eeg 863.614685059 427.694885254 281.291625977 926.123962402
eeg 916.25402832 743.53112793 597.127868652 768.205810547
eeg 916.25402832 690.891723633 597.127868652 820.845214844
eeg 863.614685059 743.53112793 702.406616211 873.484558105
eeg 653.057189941 796.170471191 807.68536377 768.205810547
a nan nan nan nan
b nan nan nan nan
d nan nan nan nan
g nan nan nan nan
t nan nan nan nan
h 4.0 4.0 4.0 4.0
c 0.0
Aa 0.0 0.0 0.0 0.0
Ab 0.0 0.0 0.0 0.0
Ad 0.0 0.0 0.0 0.0
Ag 0.0 0.0 0.0 0.0
At 0.0 0.0 0.0 0.0
as 0.0 0.0 0.0 0.0
bs 0.0 0.0 0.0 0.0
ds 0.0 0.0 0.0 0.0
gs 0.0 0.0 0.0 0.0
ts 0.0 0.0 0.0 0.0
eeg 705.696594238 585.612976074 597.127868652 978.763305664
eeg 916.25402832 585.612976074 597.127868652 873.484558105
eeg 916.25402832 848.809875488 912.964111328 873.484558105
eeg 810.975280762 690.891723633 807.68536377 848.809875488
eeg 810.975280762 664.57208252 755.045959473 812.620300293
eeg 758.3359375 664.57208252 755.045959473 990.278137207
eeg 916.25402832 585.612976074 597.127868652 939.283752441
eeg 916.25402832 717.211425781 807.68536377 926.123962402
eeg 916.25402832 690.891723633 807.68536377 810.975280762
eeg 863.614685059 664.57208252 755.045959473 819.200195312
eeg 810.975280762 743.53112793 860.324707031 812.620300293
eeg 863.614685059 532.973632812 597.127868652 950.79864502
eeg 916.25402832 743.53112793 755.045959473 960.668518066
eeg 968.893432617 743.53112793 807.68536377 894.86932373
eeg 810.975280762 769.850830078 807.68536377 819.200195312
eeg 810.975280762 664.57208252 649.767211914 799.460449219
eeg 810.975280762 743.53112793 755.045959473 865.259643555
eeg 863.614685059 717.211425781 702.406616211 924.478942871
eeg 863.614685059 717.211425781 702.406616211 917.899047852
eeg 863.614685059 769.850830078 702.406616211 759.980895996
eeg 705.696594238 822.49017334 807.68536377 812.620300293
eeg 653.057189941 822.49017334 807.68536377 759.980895996
a nan nan nan nan
b nan nan nan nan
d nan nan nan nan
g nan nan nan nan
t nan nan nan nan
h 4.0 4.0 4.0 4.0
c 0.0
Aa 0.0 0.0 0.0 0.0
Ab 0.0 0.0 0.0 0.0
Ad 0.0 0.0 0.0 0.0
Ag 0.0 0.0 0.0 0.0
At 0.0 0.0 0.0 0.0
as 0.0 0.0 0.0 0.0
bs 0.0 0.0 0.0 0.0
ds 0.0 0.0 0.0 0.0
gs 0.0 0.0 0.0 0.0
ts 0.0 0.0 0.0 0.0
eeg 705.696594238 769.850830078 807.68536377 865.259643555
eeg 705.696594238 769.850830078 807.68536377 865.259643555
eeg 758.3359375 769.850830078 807.68536377 812.620300293
eeg 653.057189941 769.850830078 807.68536377 812.620300293
eeg 653.057189941 927.768920898 1018.24285889 812.620300293
eeg 547.778442383 664.57208252 702.406616211 865.259643555
eeg 758.3359375 664.57208252 597.127868652 865.259643555
eeg 758.3359375 875.129516602 807.68536377 865.259643555
eeg 863.614685059 611.932678223 597.127868652 812.620300293
eeg 810.975280762 822.49017334 807.68536377 865.259643555
eeg 810.975280762 664.57208252 597.127868652 812.620300293
eeg 810.975280762 822.49017334 807.68536377 917.899047852
eeg 653.057189941 927.768920898 1018.24285889 970.538391113
eeg 916.25402832 506.653930664 597.127868652 917.899047852
eeg 705.696594238 717.211425781 807.68536377 917.899047852
eeg 863.614685059 611.932678223 702.406616211 865.259643555
eeg 1021.53277588 506.653930664 491.849121094 970.538391113
eeg 968.893432617 927.768920898 912.964111328 970.538391113
eeg 968.893432617 717.211425781 702.406616211 865.259643555
eeg 1074.17211914 717.211425781 702.406616211 865.259643555
eeg 916.25402832 717.211425781 702.406616211 917.899047852
eeg 863.614685059 822.49017334 807.68536377 917.899047852
a nan nan nan nan
b nan nan nan nan
d nan nan nan nan
g nan nan nan nan
t nan nan nan nan
h 4.0 4.0 4.0 4.0
c 0.0
Aa 0.0 0.0 0.0 0.0
Ab 0.0 0.0 0.0 0.0
Ad 0.0 0.0 0.0 0.0
Ag 0.0 0.0 0.0 0.0
At 0.0 0.0 0.0 0.0
as 0.0 0.0 0.0 0.0
bs 0.0 0.0 0.0 0.0
ds 0.0 0.0 0.0 0.0
gs 0.0 0.0 0.0 0.0
ts 0.0 0.0 0.0 0.0
eeg 968.893432617 611.932678223 491.849121094 970.538391113
eeg 968.893432617 717.211425781 597.127868652 970.538391113
eeg 968.893432617 717.211425781 702.406616211 865.259643555
eeg 810.975280762 717.211425781 702.406616211 812.620300293
eeg 810.975280762 717.211425781 702.406616211 865.259643555
eeg 810.975280762 717.211425781 702.406616211 917.899047852
eeg 863.614685059 822.49017334 807.68536377 917.899047852
eeg 758.3359375 743.53112793 755.045959473 865.259643555
eeg 916.25402832 664.57208252 649.767211914 812.620300293
eeg 758.3359375 717.211425781 702.406616211 865.259643555
eeg 705.696594238 690.891723633 702.406616211 865.259643555
eeg 758.3359375 690.891723633 702.406616211 917.899047852
eeg 863.614685059 611.932678223 597.127868652 917.899047852
eeg 863.614685059 743.53112793 702.406616211 865.259643555
eeg 810.975280762 690.891723633 702.406616211 812.620300293
eeg 810.975280762 690.891723633 702.406616211 865.259643555
eeg 810.975280762 717.211425781 755.045959473 917.899047852
eeg 916.25402832 717.211425781 755.045959473 917.899047852
eeg 758.3359375 717.211425781 755.045959473 917.899047852
eeg 863.614685059 664.57208252 702.406616211 812.620300293
eeg 705.696594238 717.211425781 755.045959473 917.899047852
eeg 705.696594238 743.53112793 807.68536377 917.899047852
a nan nan nan nan
b nan nan nan nan
d nan nan nan nan
g nan nan nan nan
t nan nan nan nan
h 4.0 4.0 4.0 4.0
c 0.0
Aa 0.0 0.0 0.0 0.0
Ab 0.0 0.0 0.0 0.0
Ad 0.0 0.0 0.0 0.0
Ag 0.0 0.0 0.0 0.0
At 0.0 0.0 0.0 0.0
as 0.0 0.0 0.0 0.0
bs 0.0 0.0 0.0 0.0
ds 0.0 0.0 0.0 0.0
gs 0.0 0.0 0.0 0.0
ts 0.0 0.0 0.0 0.0
eeg 705.696594238 717.211425781 807.68536377 970.538391113
eeg 835.650024414 717.211425781 702.406616211 917.899047852
eeg 820.845214844 927.768920898 860.324707031 865.259643555
eeg 792.880554199 927.768920898 807.68536377 812.620300293
eeg 771.495788574 927.768920898 807.68536377 865.259643555
eeg 740.241149902 927.768920898 860.324707031 865.259643555
eeg 891.579345703 822.49017334 702.406616211 865.259643555
eeg 812.620300293 822.49017334 755.045959473 865.259643555
eeg 809.330322266 1033.04760742 1070.88220215 812.620300293
eeg 552.713378906 717.211425781 649.767211914 865.259643555
eeg 751.75604248 717.211425781 649.767211914 865.259643555
eeg 740.241149902 822.49017334 755.045959473 865.259643555
eeg 870.194580078 717.211425781 702.406616211 917.899047852
eeg 852.09979248 927.768920898 912.964111328 865.259643555
eeg 741.886108398 717.211425781 702.406616211 759.980895996
eeg 768.205810547 717.211425781 702.406616211 865.259643555
eeg 783.010620117 717.211425781 755.045959473 917.899047852
eeg 835.650024414 664.57208252 807.68536377 865.259643555
eeg 730.371276855 611.932678223 860.324707031 865.259643555
eeg 783.010620117 611.932678223 807.68536377 812.620300293
eeg 730.371276855 664.57208252 860.324707031 917.899047852
eeg 677.731872559 664.57208252 807.68536377 917.899047852
a nan nan nan nan
b nan nan nan nan
d nan nan nan nan
g nan nan nan nan
t nan nan nan nan
h 4.0 4.0 4.0 4.0
c 0.0
Aa 0.0 0.0 0.0 0.0
Ab 0.0 0.0 0.0 0.0
Ad 0.0 0.0 0.0 0.0
Ag 0.0 0.0 0.0 0.0
At 0.0 0.0 0.0 0.0
as 0.0 0.0 0.0 0.0
bs 0.0 0.0 0.0 0.0
ds 0.0 0.0 0.0 0.0
gs 0.0 0.0 0.0 0.0
ts 0.0 0.0 0.0 0.0
eeg 783.010620117 717.211425781 912.964111328 970.538391113
eeg 783.010620117 717.211425781 912.964111328 917.899047852
eeg 783.010620117 611.932678223 702.406616211 759.980895996
eeg 783.010620117 769.850830078 860.324707031 812.620300293
eeg 730.371276855 717.211425781 755.045959473 812.620300293
eeg 783.010620117 769.850830078 807.68536377 917.899047852
eeg 835.650024414 769.850830078 755.045959473 917.899047852
eeg 677.731872559 875.129516602 860.324707031 917.899047852
eeg 783.010620117 769.850830078 755.045959473 759.980895996
eeg 730.371276855 769.850830078 755.045959473 865.259643555
eeg 730.371276855 822.49017334 860.324707031 865.259643555
eeg 888.289367676 611.932678223 649.767211914 891.579345703
eeg 835.650024414 717.211425781 755.045959473 891.579345703
eeg 783.010620117 717.211425781 755.045959473 838.940002441
eeg 730.371276855 717.211425781 755.045959473 838.940002441
eeg 730.371276855 769.850830078 860.324707031 917.899047852
eeg 704.051574707 664.57208252 755.045959473 865.259643555
eeg 888.289367676 664.57208252 755.045959473 891.579345703
eeg 809.330322266 769.850830078 860.324707031 838.940002441
eeg 835.650024414 664.57208252 755.045959473 786.300598145
eeg 835.650024414 769.850830078 860.324707031 944.218688965
eeg 730.371276855 769.850830078 860.324707031 891.579345703
a nan nan nan nan
b nan nan nan nan
d nan nan nan nan
g nan nan nan nan
t nan nan nan nan
h 4.0 4.0 4.0 4.0
c 0.0
Aa 0.0 0.0 0.0 0.0
Ab 0.0 0.0 0.0 0.0
Ad 0.0 0.0 0.0 0.0
Ag 0.0 0.0 0.0 0.0
At 0.0 0.0 0.0 0.0
as 0.0 0.0 0.0 0.0
bs 0.0 0.0 0.0 0.0
ds 0.0 0.0 0.0 0.0
gs 0.0 0.0 0.0 0.0
ts 0.0 0.0 0.0 0.0
eeg 861.969726562 664.57208252 755.045959473 891.579345703
eeg 888.289367676 717.211425781 755.045959473 891.579345703
eeg 835.650024414 717.211425781 755.045959473 891.579345703
eeg 835.650024414 664.57208252 755.045959473 838.940002441
eeg 756.690979004 769.850830078 860.324707031 944.218688965
eeg 815.91027832 689.246765137 710.631530762 926.123962402
eeg 815.91027832 763.270874023 815.91027832 873.484558105
eeg 657.992126465 732.016235352 763.270874023 873.484558105
eeg 657.992126465 653.057189941 710.631530762 715.566467285
eeg 657.992126465 708.98651123 763.270874023 873.484558105
eeg 605.352783203 704.051574707 763.270874023 820.845214844
eeg 710.631530762 702.406616211 815.91027832 873.484558105
eeg 763.270874023 676.086914062 763.270874023 873.484558105
eeg 710.631530762 667.861999512 763.270874023 873.484558105
eeg 605.352783203 842.229919434 973.828369141 715.566467285
eeg 657.992126465 704.051574707 868.549621582 873.484558105
eeg 605.352783203 702.406616211 868.549621582 926.123962402
eeg 815.91027832 616.867614746 710.631530762 873.484558105
eeg 763.270874023 662.927062988 710.631530762 768.205810547
eeg 763.270874023 741.886108398 763.270874023 768.205810547
eeg 763.270874023 717.211425781 763.270874023 978.763305664
eeg 763.270874023 687.601806641 710.631530762 926.123962402
a nan nan nan nan
b nan nan nan nan
d nan nan nan nan
g nan nan nan nan
t nan nan nan nan
h 4.0 4.0 4.0 4.0
c 0.0
Aa 0.0 0.0 0.0 0.0
Ab 0.0 0.0 0.0 0.0
Ad 0.0 0.0 0.0 0.0
Ag 0.0 0.0 0.0 0.0
At 0.0 0.0 0.0 0.0
as 0.0 0.0 0.0 0.0
bs 0.0 0.0 0.0 0.0
ds 0.0 0.0 0.0 0.0
gs 0.0 0.0 0.0 0.0
ts 0.0 0.0 0.0 0.0
eeg 868.549621582 634.962402344 657.992126465 906.384155273
eeg 973.828369141 634.962402344 657.992126465 860.324707031
eeg 868.549621582 687.601806641 763.270874023 866.904663086
eeg 815.91027832 634.962402344 710.631530762 853.744812012
eeg 815.91027832 634.962402344 710.631530762 1005.08300781
eeg 921.188964844 582.323059082 605.352783203 932.703857422
eeg 921.188964844 740.241149902 763.270874023 906.384155273
eeg 763.270874023 687.601806641 710.631530762 748.466064453
eeg 763.270874023 687.601806641 710.631530762 774.785766602
eeg 763.270874023 792.880554199 815.91027832 952.443603516
eeg 763.270874023 740.241149902 763.270874023 919.544006348
eeg 710.631530762 792.880554199 815.91027832 959.02355957
eeg 921.188964844 582.323059082 605.352783203 834.005004883
eeg 763.270874023 792.880554199 815.91027832 926.123962402
eeg 763.270874023 687.601806641 710.631530762 820.845214844
eeg 815.91027832 687.601806641 710.631530762 906.384155273
eeg 763.270874023 740.241149902 815.91027832 906.384155273
eeg 868.549621582 687.601806641 815.91027832 853.744812012
eeg 710.631530762 740.241149902 815.91027832 853.744812012
eeg 710.631530762 740.241149902 815.91027832 801.105407715
eeg 710.631530762 740.241149902 815.91027832 906.384155273
eeg 763.270874023 740.241149902 815.91027832 906.384155273
a nan nan nan nan
b nan nan nan nan
d nan nan nan nan
g nan nan nan nan
t nan nan nan nan
h 4.0 4.0 4.0 4.0
c 0.0
Aa 0.0 0.0 0.0 0.0
Ab 0.0 0.0 0.0 0.0
Ad 0.0 0.0 0.0 0.0
Ag 0.0 0.0 0.0 0.0
At 0.0 0.0 0.0 0.0
as 0.0 0.0 0.0 0.0
bs 0.0 0.0 0.0 0.0
ds 0.0 0.0 0.0 0.0
gs 0.0 0.0 0.0 0.0
ts 0.0 0.0 0.0 0.0
eeg 763.270874023 845.519897461 921.188964844 906.384155273
eeg 868.549621582 740.241149902 815.91027832 853.744812012
eeg 710.631530762 687.601806641 710.631530762 853.744812012
eeg 763.270874023 740.241149902 815.91027832 801.105407715
eeg 763.270874023 792.880554199 921.188964844 959.02355957
eeg 657.992126465 845.519897461 1026.46777344 959.02355957
eeg 868.549621582 582.323059082 815.91027832 853.744812012
eeg 710.631530762 792.880554199 921.188964844 853.744812012
eeg 763.270874023 634.962402344 710.631530762 801.105407715
eeg 763.270874023 740.241149902 815.91027832 906.384155273
eeg 815.91027832 634.962402344 710.631530762 853.744812012
eeg 763.270874023 529.683654785 605.352783203 801.105407715
eeg 973.828369141 424.404937744 500.074035645 801.105407715
eeg 815.91027832 529.683654785 710.631530762 959.02355957
eeg 710.631530762 529.683654785 710.631530762 748.466064453
eeg 763.270874023 529.683654785 710.631530762 959.02355957
eeg 921.188964844 424.404937744 500.074035645 906.384155273
eeg 921.188964844 634.962402344 710.631530762 853.744812012
eeg 815.91027832 529.683654785 710.631530762 853.744812012
eeg 815.91027832 529.683654785 605.352783203 853.744812012
eeg 763.270874023 529.683654785 605.352783203 853.744812012
eeg 868.549621582 529.683654785 500.074035645 906.384155273
a nan nan nan nan
b nan nan nan nan
d nan nan nan nan
g nan nan nan nan
t nan nan nan nan
h 4.0 4.0 4.0 4.0
c 0.0
Aa 0.0 0.0 0.0 0.0
Ab 0.0 0.0 0.0 0.0
Ad 0.0 0.0 0.0 0.0
Ag 0.0 0.0 0.0 0.0
At 0.0 0.0 0.0 0.0
as 0.0 0.0 0.0 0.0
bs 0.0 0.0 0.0 0.0
ds 0.0 0.0 0.0 0.0
gs 0.0 0.0 0.0 0.0
ts 0.0 0.0 0.0 0.0
eeg 868.549621582 634.962402344 710.631530762 853.744812012
eeg 763.270874023 740.241149902 921.188964844 801.105407715
eeg 710.631530762 634.962402344 815.91027832 906.384155273
eeg 763.270874023 529.683654785 605.352783203 801.105407715
